7.01069,-6.95178,1.58932
7.01069,-6.95178,1.58932
7.01069,-6.95178,1.58933
7.01069,-6.95178,1.58933
7.01069,-6.95178,1.58934
7.01069,-6.95177,1.58935
7.01069,-6.95177,1.58936
7.01055,-6.95144,1.59020
7.01054,-6.95142,1.59028
7.01054,-6.95142,1.59028
7.01030,-6.95042,1.59314
7.01030,-6.95042,1.59314
7.01009,-6.94935,1.59630
7.01009,-6.94935,1.59630
7.00977,-6.94788,1.60049
7.00977,-6.94788,1.60049
7.00939,-6.94588,1.60611
7.00939,-6.94588,1.60611
7.00891,-6.94334,1.61324
7.00891,-6.94334,1.61324
7.00891,-6.94334,1.61324
7.00891,-6.94334,1.61324
7.00808,-6.93918,1.62478
7.00753,-6.93654,1.63209
7.00725,-6.93520,1.63582
7.00725,-6.93520,1.63582
7.00612,-6.92990,1.65076
7.00612,-6.92990,1.65076
7.00612,-6.92990,1.65076
7.00515,-6.92558,1.66287
7.00515,-6.92558,1.66287
7.00395,-6.92061,1.67653
7.00395,-6.92061,1.67653
7.00372,-6.91966,1.67915
7.00196,-6.91285,1.69752
7.00182,-6.91232,1.69895
7.00182,-6.91232,1.69895
7.00016,-6.90623,1.71510
7.00016,-6.90623,1.71510
6.99819,-6.89938,1.73279
6.99819,-6.89938,1.73279
6.99616,-6.89268,1.74960
6.99616,-6.89268,1.74960
6.99426,-6.88660,1.76447
6.99347,-6.88415,1.77037
6.99347,-6.88415,1.77037
6.99060,-6.87541,1.79100
6.99060,-6.87541,1.79100
6.98771,-6.86691,1.81047
6.98771,-6.86691,1.81047
6.98646,-6.86330,1.81859
6.98413,-6.85669,1.83321
6.98413,-6.85669,1.83321
6.98153,-6.84940,1.84807
6.97927,-6.84319,1.86221
6.97927,-6.84319,1.86221
6.97605,-6.83446,1.88038
6.97605,-6.83446,1.88038
6.97137,-6.82196,1.90562
6.97137,-6.82196,1.90562
6.97137,-6.82196,1.90562
6.96664,-6.80935,1.92899
6.96664,-6.80935,1.92899
6.96216,-6.79744,1.94518
6.96196,-6.79692,1.94570
6.96196,-6.79692,1.94570
6.95701,-6.78436,1.95455
6.95190,-6.77165,1.95418
6.95190,-6.77165,1.95418
6.95190,-6.77165,1.95418
6.94995,-6.76684,1.95186
6.94586,-6.75659,1.94226
6.94586,-6.75659,1.94226
6.94097,-6.74396,1.92356
6.94097,-6.74396,1.92356
6.93617,-6.73104,1.89731
6.93576,-6.72991,1.89458
6.93576,-6.72991,1.89458
6.93132,-6.71731,1.86214
6.93132,-6.71731,1.86214
6.92818,-6.70748,1.83407
6.92615,-6.70057,1.81176
6.92397,-6.69252,1.78409
6.92397,-6.69252,1.78409
6.92124,-6.68089,1.74503
6.92124,-6.68089,1.74503
6.91885,-6.66850,1.70464
6.91885,-6.66850,1.70464
6.91722,-6.65769,1.66980
6.91722,-6.65769,1.66980
6.91587,-6.64669,1.63540
6.91587,-6.64669,1.63540
6.91475,-6.63364,1.59518
6.91475,-6.63364,1.59518
6.91412,-6.62098,1.55690
6.91412,-6.62098,1.55690
6.91399,-6.60617,1.51259
6.91399,-6.60617,1.51259
6.91444,-6.59175,1.46998
6.91444,-6.59175,1.46998
6.91520,-6.57976,1.43509
6.91520,-6.57976,1.43509
6.91681,-6.56352,1.38835
6.91706,-6.56147,1.38249
6.91706,-6.56147,1.38249
6.91868,-6.54976,1.35120
6.91944,-6.54490,1.33554
6.92191,-6.53096,1.29761
6.92217,-6.52956,1.29392
6.92217,-6.52956,1.29392
6.92489,-6.51628,1.25991
6.92489,-6.51628,1.25991
6.92826,-6.50156,1.22444
6.93145,-6.48893,1.19591
6.93164,-6.48823,1.19438
6.93164,-6.48823,1.19438
6.93614,-6.47212,1.16099
6.93614,-6.47212,1.16099
6.94123,-6.45574,1.12985
6.94123,-6.45574,1.12985
6.94627,-6.44102,1.10690
6.94746,-6.43771,1.10262
6.94746,-6.43771,1.10262
6.95191,-6.42589,1.08956
6.95191,-6.42589,1.08956
6.95849,-6.40971,1.07846
6.95849,-6.40971,1.07846
6.96380,-6.39759,1.07526
6.96730,-6.39000,1.07549
6.96730,-6.39000,1.07549
6.96848,-6.38749,1.07597
6.97399,-6.37622,1.08049
6.98042,-6.36371,1.08819
6.98042,-6.36371,1.08819
6.98636,-6.35236,1.09747
6.98669,-6.35173,1.09805
6.99519,-6.33513,1.11787
6.99551,-6.33449,1.11875
6.99551,-6.33449,1.11875
7.00150,-6.32215,1.13730
7.00598,-6.31235,1.15569
7.00627,-6.31169,1.15699
7.01296,-6.29594,1.18900
7.01296,-6.29594,1.18900
7.01296,-6.29594,1.18900
7.01931,-6.27955,1.22502
7.01955,-6.27889,1.22645
7.01979,-6.27822,1.22645
7.02448,-6.26478,1.25537
7.02448,-6.26478,1.25537
7.03030,-6.24623,1.29043
7.03030,-6.24623,1.29043
7.03381,-6.23372,1.31346
7.03381,-6.23372,1.31346
7.03705,-6.22108,1.33604
7.03705,-6.22108,1.33604
7.03705,-6.22108,1.33604
7.03705,-6.22108,1.33604
7.03982,-6.20907,1.35732
7.04431,-6.18630,1.39730
7.04431,-6.18630,1.39730
7.04717,-6.16839,1.42853
7.04727,-6.16768,1.42980
7.04727,-6.16768,1.42980
7.04888,-6.15549,1.45134
7.05022,-6.14327,1.47290
7.05022,-6.14327,1.47290
7.05139,-6.12963,1.49745
7.05197,-6.12101,1.51297
7.05197,-6.12101,1.51297
7.05268,-6.10606,1.54111
7.05268,-6.10606,1.54111
7.05298,-6.08499,1.58352
7.05298,-6.08499,1.58352
7.05298,-6.08499,1.58352
7.05263,-6.06975,1.61645
7.05263,-6.06975,1.61645
7.05230,-6.06204,1.63093
7.05178,-6.05284,1.64983
7.05085,-6.03996,1.67136
7.05085,-6.03996,1.67136
7.04958,-6.02617,1.69116
7.04951,-6.02544,1.69212
7.04791,-6.01073,1.70936
7.04791,-6.01073,1.70936
7.04791,-6.01073,1.70936
7.04574,-5.99357,1.72539
7.04392,-5.98071,1.73464
7.04381,-5.97995,1.73512
7.04381,-5.97995,1.73512
7.04105,-5.96229,1.74428
7.04105,-5.96229,1.74428
7.03794,-5.94435,1.75039
7.03794,-5.94435,1.75039
7.03709,-5.93966,1.75157
7.03433,-5.92479,1.75633
7.03285,-5.91697,1.75880
7.03285,-5.91697,1.75880
7.02939,-5.89901,1.76452
7.02939,-5.89901,1.76452
7.02565,-5.88031,1.77110
7.02565,-5.88031,1.77110
7.02252,-5.86484,1.77660
7.02252,-5.86484,1.77660
7.01932,-5.84834,1.78228
7.01859,-5.84464,1.78316
7.01859,-5.84464,1.78316
7.01724,-5.83801,1.78412
7.01601,-5.83215,1.78442
7.01250,-5.81605,1.78370
7.01250,-5.81605,1.78370
7.00958,-5.80261,1.78195
7.00958,-5.80261,1.78195
7.00621,-5.78671,1.77675
7.00621,-5.78671,1.77675
7.00304,-5.77128,1.76841
7.00304,-5.77128,1.76841
7.00014,-5.75649,1.75799
7.00014,-5.75649,1.75799
6.99645,-5.73623,1.74312
6.99645,-5.73623,1.74312
6.99370,-5.71983,1.73062
6.99357,-5.71905,1.72999
6.99357,-5.71905,1.72999
6.99128,-5.70422,1.71801
6.98895,-5.68781,1.70439
6.98874,-5.68625,1.70303
6.98773,-5.67843,1.69627
6.98540,-5.65884,1.68060
6.98522,-5.65726,1.67951
6.98505,-5.65568,1.67842
6.98505,-5.65568,1.67842
6.98313,-5.63674,1.66546
6.98313,-5.63674,1.66546
6.98151,-5.61856,1.65332
6.98093,-5.61144,1.64857
6.98051,-5.60590,1.64487
6.98051,-5.60590,1.64487
6.97922,-5.58689,1.63218
6.97922,-5.58689,1.63218
6.97875,-5.57897,1.62682
6.97821,-5.56867,1.61985
6.97821,-5.56867,1.61985
6.97754,-5.55361,1.60943
6.97706,-5.53935,1.59945
6.97706,-5.53935,1.59945
6.97691,-5.53381,1.59546
6.97668,-5.52272,1.58725
6.97668,-5.52272,1.58725
6.97650,-5.50532,1.57400
6.97650,-5.49900,1.56880
6.97656,-5.48875,1.56037
6.97656,-5.48875,1.56037
6.97678,-5.47142,1.54959
6.97678,-5.47142,1.54959
6.97712,-5.45262,1.54733
6.97713,-5.45183,1.54727
6.97713,-5.45183,1.54727
6.97750,-5.43515,1.54432
6.97750,-5.43515,1.54432
6.97826,-5.40955,1.53751
6.97831,-5.40795,1.53708
6.97831,-5.40795,1.53708
6.97885,-5.39276,1.53292
6.97901,-5.38876,1.53182
6.97956,-5.37517,1.52805
6.97956,-5.37517,1.52805
6.97956,-5.37517,1.52805
6.98071,-5.35039,1.52096
6.98071,-5.35039,1.52096
6.98071,-5.35039,1.52096
6.98189,-5.32802,1.51438
6.98189,-5.32802,1.51438
6.98273,-5.31365,1.50995
6.98273,-5.31365,1.50995
6.98369,-5.29848,1.50521
6.98369,-5.29848,1.50521
6.98478,-5.28253,1.49947
6.98478,-5.28253,1.49947
6.98602,-5.26579,1.49427
6.98602,-5.26579,1.49427
6.98755,-5.24518,1.49735
6.98755,-5.24518,1.49735
6.98755,-5.24518,1.49735
6.98920,-5.22159,1.50378
6.98926,-5.22080,1.50398
6.99028,-5.20496,1.50657
6.99028,-5.20496,1.50665
6.99124,-5.18981,1.50796
6.99129,-5.18901,1.50801
6.99129,-5.18901,1.50801
6.99278,-5.16507,1.50957
6.99278,-5.16507,1.50963
6.99278,-5.16507,1.50963
6.99389,-5.14671,1.51087
6.99389,-5.14671,1.51087
6.99484,-5.13075,1.51197
6.99484,-5.13075,1.51197
6.99577,-5.11479,1.51310
6.99614,-5.10841,1.51352
6.99655,-5.10122,1.51415
6.99735,-5.08686,1.51527
6.99735,-5.08686,1.51527
6.99814,-5.07249,1.51658
6.99814,-5.07249,1.51658
6.99908,-5.05494,1.51853
6.99908,-5.05494,1.51853
6.99997,-5.03741,1.52188
7.00001,-5.03662,1.52203
7.00001,-5.03662,1.52203
7.00076,-5.02068,1.52514
7.00076,-5.02068,1.52514
7.00157,-5.00235,1.52874
7.00212,-4.98880,1.53141
7.00215,-4.98801,1.53157
7.00270,-4.97366,1.53435
7.00270,-4.97366,1.53435
7.00323,-4.95851,1.53721
7.00323,-4.95851,1.53721
7.00379,-4.94097,1.54088
7.00383,-4.93938,1.54123
7.00383,-4.93938,1.54123
7.00424,-4.92503,1.54436
7.00461,-4.90989,1.54784
7.00473,-4.90431,1.54911
7.00473,-4.90431,1.54911
7.00501,-4.89077,1.55252
7.00521,-4.87883,1.55564
7.00527,-4.87484,1.55667
7.00544,-4.86128,1.55881
7.00545,-4.86048,1.55893
7.00545,-4.86048,1.55893
7.00563,-4.84371,1.56127
7.00563,-4.84371,1.56127
7.00579,-4.82454,1.56380
7.00580,-4.82295,1.56401
7.00589,-4.80777,1.56600
7.00589,-4.80777,1.56600
7.00595,-4.78940,1.56841
7.00595,-4.78860,1.56852
7.00597,-4.77583,1.57022
7.00597,-4.77343,1.57053
7.00597,-4.77343,1.57053
7.00595,-4.75346,1.57327
7.00595,-4.75346,1.57327
7.00590,-4.73749,1.57550
7.00590,-4.73749,1.57550
7.00578,-4.71833,1.57830
7.00578,-4.71833,1.57830
7.00571,-4.70955,1.57956
7.00566,-4.70396,1.58035
7.00551,-4.68959,1.58241
7.00535,-4.67682,1.58466
7.00533,-4.67602,1.58480
7.00533,-4.67602,1.58480
7.00508,-4.65927,1.58772
7.00508,-4.65927,1.58772
7.00508,-4.65927,1.58772
7.00470,-4.63768,1.58833
7.00470,-4.63768,1.58833
7.00439,-4.62008,1.58857
7.00439,-4.62008,1.58857
7.00412,-4.60489,1.58875
7.00387,-4.59129,1.58889
7.00386,-4.59049,1.58889
7.00380,-4.58729,1.58892
7.00345,-4.56809,1.58912
7.00345,-4.56809,1.58912
7.00317,-4.55290,1.58927
7.00317,-4.55290,1.58927
7.00289,-4.53770,1.58942
7.00289,-4.53770,1.58942
7.00253,-4.51850,1.58962
7.00253,-4.51850,1.58962
7.00241,-4.51211,1.58968
7.00215,-4.49851,1.58983
7.00189,-4.48491,1.58999
7.00187,-4.48411,1.59000
7.00187,-4.48411,1.59000
7.00158,-4.46891,1.58985
7.00130,-4.45371,1.58909
7.00128,-4.45291,1.58905
7.00128,-4.45291,1.58905
7.00097,-4.43531,1.58816
7.00097,-4.43531,1.58816
7.00062,-4.41450,1.58708
7.00060,-4.41370,1.58704
7.00060,-4.41370,1.58704
7.00027,-4.39209,1.58592
7.00027,-4.39209,1.58592
7.00027,-4.39209,1.58592
6.99997,-4.37209,1.58487
6.99997,-4.37209,1.58487
6.99967,-4.34968,1.58366
6.99967,-4.34968,1.58366
6.99967,-4.34968,1.58366
6.99941,-4.32887,1.58248
6.99941,-4.32887,1.58248
6.99940,-4.32807,1.58243
6.99918,-4.30806,1.58121
6.99918,-4.30806,1.58121
6.99899,-4.28885,1.57998
6.99899,-4.28885,1.57998
6.99889,-4.27765,1.57919
6.99880,-4.26644,1.57840
6.99880,-4.26644,1.57840
6.99869,-4.25043,1.57750
6.99869,-4.25043,1.57750
6.99858,-4.23283,1.57664
6.99858,-4.23283,1.57664
6.99850,-4.21762,1.57593
6.99850,-4.21762,1.57593
6.99841,-4.20001,1.57510
6.99838,-4.19121,1.57469
6.99838,-4.19121,1.57469
6.99832,-4.17440,1.57388
6.99831,-4.17360,1.57384
6.99827,-4.15840,1.57310
6.99827,-4.15840,1.57310
6.99827,-4.15840,1.57310
6.99824,-4.13839,1.57210
6.99824,-4.13839,1.57210
6.99822,-4.11918,1.57109
6.99822,-4.11918,1.57109
6.99822,-4.10317,1.57021
6.99822,-4.10317,1.57021
6.99822,-4.10317,1.57021
6.99825,-4.08236,1.56897
6.99825,-4.08236,1.56897
6.99829,-4.06076,1.56824
6.99829,-4.06076,1.56824
6.99833,-4.04635,1.56799
6.99833,-4.04635,1.56799
6.99839,-4.02795,1.56769
6.99840,-4.02395,1.56762
6.99843,-4.01515,1.56749
6.99844,-4.01275,1.56745
6.99844,-4.01275,1.56745
6.99850,-3.99354,1.56718
6.99851,-3.99274,1.56715
6.99857,-3.97434,1.56685
6.99857,-3.97434,1.56685
6.99857,-3.97434,1.56685
6.99866,-3.95273,1.56648
6.99866,-3.95273,1.56648
6.99873,-3.93673,1.56620
6.99873,-3.93673,1.56620
6.99880,-3.92233,1.56594
6.99880,-3.92233,1.56594
6.99890,-3.90232,1.56556
6.99890,-3.90232,1.56556
6.99900,-3.88472,1.56519
6.99900,-3.88472,1.56519
6.99900,-3.88472,1.56519
6.99911,-3.86471,1.56475
6.99911,-3.86471,1.56475
6.99921,-3.84871,1.56475
6.99924,-3.84471,1.56479
6.99924,-3.84471,1.56479
6.99934,-3.82631,1.56495
6.99939,-3.81831,1.56505
6.99939,-3.81831,1.56505
6.99939,-3.81831,1.56505
6.99953,-3.79271,1.56534
6.99953,-3.79271,1.56534
6.99963,-3.77511,1.56554
6.99963,-3.77511,1.56554
6.99969,-3.76391,1.56567
6.99973,-3.75591,1.56577
6.99980,-3.74071,1.56595
6.99983,-3.73431,1.56603
6.99984,-3.73351,1.56604
6.99984,-3.73351,1.56604
6.99991,-3.71752,1.56625
6.99996,-3.70712,1.56639
6.99998,-3.70072,1.56648
7.00004,-3.68632,1.56669
7.00005,-3.68552,1.56670
7.00011,-3.66872,1.56696
7.00012,-3.66792,1.56697
7.00012,-3.66792,1.56697
7.00018,-3.65192,1.56724
7.00022,-3.63752,1.56748
7.00022,-3.63752,1.56748
7.00022,-3.63752,1.56748
7.00027,-3.62232,1.56773
7.00032,-3.60632,1.56799
7.00032,-3.60632,1.56799
7.00032,-3.60632,1.56799
7.00038,-3.58473,1.56836
7.00038,-3.58473,1.56836
7.00042,-3.56553,1.56868
7.00042,-3.56473,1.56870
7.00045,-3.55033,1.56895
7.00045,-3.54953,1.56896
7.00045,-3.54953,1.56896
7.00049,-3.52633,1.56936
7.00049,-3.52633,1.56936
7.00050,-3.51673,1.56952
7.00051,-3.50633,1.56973
7.00051,-3.50633,1.56973
7.00053,-3.48793,1.57011
7.00053,-3.48793,1.57011
7.00054,-3.47274,1.57046
7.00054,-3.46874,1.57055
7.00054,-3.46874,1.57055
7.00054,-3.44954,1.57083
7.00054,-3.44954,1.57083
7.00054,-3.42954,1.57100
7.00054,-3.42954,1.57100
7.00053,-3.41594,1.57109
7.00053,-3.41434,1.57110
7.00053,-3.39834,1.57121
7.00052,-3.39754,1.57122
7.00052,-3.39754,1.57122
7.00051,-3.37674,1.57137
7.00051,-3.37674,1.57137
7.00051,-3.37674,1.57137
7.00050,-3.35434,1.57158
7.00050,-3.35434,1.57158
7.00048,-3.33594,1.57177
7.00048,-3.33514,1.57177
7.00047,-3.31994,1.57194
7.00047,-3.31994,1.57194
7.00045,-3.30314,1.57212
7.00045,-3.30314,1.57212
7.00043,-3.28794,1.57230
7.00043,-3.28794,1.57230
7.00042,-3.28474,1.57232
7.00039,-3.26714,1.57246
7.00039,-3.26714,1.57246
7.00036,-3.24874,1.57246
7.00036,-3.24874,1.57246
7.00034,-3.23434,1.57246
7.00033,-3.22874,1.57246
7.00032,-3.22474,1.57246
7.00030,-3.21274,1.57245
7.00028,-3.19914,1.57245
7.00028,-3.19914,1.57245
7.00025,-3.18554,1.57244
7.00025,-3.18554,1.57244
7.00023,-3.17354,1.57244
7.00022,-3.16314,1.57243
7.00022,-3.16154,1.57243
7.00019,-3.14874,1.57242
7.00017,-3.13193,1.57241
7.00016,-3.13033,1.57241
7.00016,-3.13033,1.57241
7.00014,-3.11593,1.57240
7.00014,-3.11593,1.57240
7.00012,-3.10153,1.57239
7.00009,-3.08713,1.57238
7.00009,-3.08713,1.57238
7.00007,-3.07033,1.57236
7.00006,-3.06873,1.57235
7.00006,-3.06873,1.57235
7.00004,-3.04572,1.57365
7.00004,-3.04494,1.57380
7.00004,-3.04494,1.57380
6.99998,-3.03022,1.57811
6.99984,-3.01644,1.58382
6.99984,-3.01644,1.58382
6.99963,-2.99974,1.59060
6.99963,-2.99974,1.59094
6.99934,-2.98565,1.59768
6.99932,-2.98492,1.59804
6.99906,-2.97404,1.60361
6.99906,-2.97404,1.60361
6.99887,-2.96761,1.60728
6.99887,-2.96761,1.60728
6.99788,-2.94389,1.62454
6.99785,-2.94321,1.62518
6.99742,-2.93438,1.63371
6.99707,-2.92829,1.63855
6.99628,-2.91687,1.64627
6.99628,-2.91687,1.64627
6.99526,-2.90301,1.65551
6.99526,-2.90301,1.65551
6.99410,-2.88955,1.66586
6.99404,-2.88892,1.66635
6.99351,-2.88267,1.67128
6.99304,-2.87774,1.67526
6.99169,-2.86448,1.68610
6.99163,-2.86389,1.68659
6.99163,-2.86389,1.68659
6.98992,-2.84885,1.69943
6.98992,-2.84885,1.69943
6.98908,-2.84159,1.70580
6.98830,-2.83556,1.71122
6.98808,-2.83394,1.71269
6.98670,-2.82336,1.72255
6.98670,-2.82336,1.72255
6.98516,-2.81267,1.73291
6.98516,-2.81267,1.73291
6.98386,-2.80386,1.74173
6.98339,-2.80099,1.74468
6.98315,-2.79956,1.74629
6.98102,-2.78734,1.76643
6.98093,-2.78688,1.76733
6.98011,-2.78273,1.77596
6.98011,-2.78273,1.77596
6.97937,-2.77906,1.78507
6.97634,-2.76588,1.82437
6.97634,-2.76588,1.82437
6.97461,-2.75913,1.84931
6.97307,-2.75381,1.87032
6.97307,-2.75381,1.87032
6.97008,-2.74413,1.91450
6.97008,-2.74413,1.91450
6.96685,-2.73497,1.95915
6.96685,-2.73497,1.95915
6.96292,-2.72482,2.00999
6.96292,-2.72482,2.00999
6.95939,-2.71635,2.05289
6.95939,-2.71635,2.05289
6.95760,-2.71237,2.07368
6.95405,-2.70483,2.11294
6.95405,-2.70483,2.11294
6.94958,-2.69594,2.15888
6.94958,-2.69594,2.15888
6.94404,-2.68577,2.21040
6.94404,-2.68577,2.21040
6.93935,-2.67796,2.25015
6.93935,-2.67796,2.25015
6.93440,-2.67019,2.28869
6.93440,-2.67019,2.28869
6.92854,-2.66173,2.33114
6.92854,-2.66173,2.33114
6.92004,-2.65057,2.38749
6.91939,-2.64976,2.39167
6.91939,-2.64976,2.39167
6.91328,-2.64260,2.42949
6.90611,-2.63491,2.47180
6.90611,-2.63491,2.47180
6.90611,-2.63491,2.47180
6.89619,-2.62533,2.52728
6.89619,-2.62533,2.52728
6.88644,-2.61691,2.57895
6.88644,-2.61691,2.57895
6.88644,-2.61691,2.57895
6.87655,-2.60923,2.62887
6.87655,-2.60923,2.62887
6.86706,-2.60256,2.67257
6.86145,-2.59888,2.70109
6.86145,-2.59888,2.70109
6.86145,-2.59888,2.70109
6.84879,-2.59128,2.75838
6.84879,-2.59128,2.75838
6.83913,-2.58603,2.80040
6.83913,-2.58603,2.80040
6.82696,-2.58002,2.85137
6.82696,-2.58002,2.85137
6.81428,-2.57439,2.90238
6.81428,-2.57439,2.90238
6.80458,-2.57048,2.94007
6.79875,-2.56827,2.96206
6.79875,-2.56827,2.96206
6.78818,-2.56452,2.99801
6.78818,-2.56452,2.99801
6.77992,-2.56180,3.02243
6.76982,-2.55872,3.04791
6.76982,-2.55872,3.04791
6.75786,-2.55542,3.07204
6.75786,-2.55542,3.07204
6.74460,-2.55233,3.09058
6.74158,-2.55152,3.09472
6.73187,-2.54952,3.10331
6.72515,-2.54827,3.10723
6.72515,-2.54827,3.10723
6.71279,-2.54625,3.11169
6.71279,-2.54625,3.11169
6.70154,-2.54473,3.11133
6.70154,-2.54473,3.11133
6.68819,-2.54328,3.10763
6.68754,-2.54322,3.10738
6.67519,-2.54221,3.10148
6.67519,-2.54221,3.10148
6.66262,-2.54149,3.09235
6.65861,-2.54130,3.08907
6.64714,-2.54074,3.07767
6.64714,-2.54074,3.07767
6.63414,-2.54005,3.06252
6.63069,-2.53985,3.05801
6.63069,-2.53985,3.05801
6.61123,-2.53829,3.03004
6.61123,-2.53829,3.03004
6.59930,-2.53696,3.01043
6.59577,-2.53652,3.00434
6.59577,-2.53652,3.00434
6.57873,-2.53406,2.97256
6.57873,-2.53406,2.97256
6.56300,-2.53131,2.94068
6.56300,-2.53131,2.94068
6.56300,-2.53131,2.94068
6.54523,-2.52769,2.90411
6.54523,-2.52769,2.90411
6.52760,-2.52354,2.86740
6.52760,-2.52354,2.86740
6.51362,-2.51984,2.83792
6.51362,-2.51984,2.83792
6.51362,-2.51984,2.83792
6.49779,-2.51519,2.80299
6.49779,-2.51519,2.80299
6.48355,-2.51058,2.77058
6.47750,-2.50850,2.75811
6.47149,-2.50635,2.74252
6.47149,-2.50635,2.74252
6.45272,-2.49920,2.69988
6.45272,-2.49920,2.69988
6.43798,-2.49311,2.66902
6.43731,-2.49283,2.66764
6.42405,-2.48694,2.63999
6.42338,-2.48663,2.63862
6.41809,-2.48418,2.62790
6.40754,-2.47911,2.60717
6.40754,-2.47911,2.60717
6.39315,-2.47180,2.57945
6.39315,-2.47180,2.57945
6.38343,-2.46660,2.56218
6.37701,-2.46303,2.54872
6.37255,-2.46049,2.54140
6.36181,-2.45417,2.51942
6.36181,-2.45417,2.51942
6.34812,-2.44565,2.49289
6.34812,-2.44565,2.49289
6.33649,-2.43800,2.47010
6.33649,-2.43800,2.47010
6.33649,-2.43800,2.47010
6.32149,-2.42752,2.44041
6.32149,-2.42752,2.44041
6.30685,-2.41657,2.41077
6.30685,-2.41657,2.41077
6.29542,-2.40749,2.38696
6.29205,-2.40471,2.37979
6.29205,-2.40471,2.37979
6.27823,-2.39284,2.34982
6.27823,-2.39284,2.34982
6.26803,-2.38352,2.32685
6.26697,-2.38252,2.32444
6.25554,-2.37139,2.29729
6.25554,-2.37139,2.29729
6.25554,-2.37139,2.29729
6.25149,-2.36726,2.28727
6.24303,-2.35833,2.26579
6.23199,-2.34595,2.23619
6.23199,-2.34595,2.23619
6.22504,-2.33769,2.21658
6.22277,-2.33490,2.20991
6.22277,-2.33490,2.20991
6.21124,-2.32021,2.17731
6.21124,-2.32021,2.17731
6.21124,-2.32021,2.17731
6.19950,-2.30510,2.15623
6.19950,-2.30510,2.15623
6.19183,-2.29513,2.14919
6.19183,-2.29513,2.14919
6.18358,-2.28393,2.14474
6.18358,-2.28393,2.14474
6.18358,-2.28393,2.14474
6.17111,-2.26601,2.14551
6.17111,-2.26601,2.14551
6.16093,-2.25094,2.14845
6.16093,-2.25094,2.14845
6.16093,-2.25094,2.14845
6.14885,-2.23274,2.15288
6.14885,-2.23274,2.15288
6.13766,-2.21578,2.15611
6.13766,-2.21578,2.15611
6.13766,-2.21578,2.15611
6.12883,-2.20248,2.15583
6.12883,-2.20248,2.15583
6.11912,-2.18779,2.15459
6.11912,-2.18779,2.15459
6.11074,-2.17510,2.15348
6.11074,-2.17510,2.15348
6.10238,-2.16240,2.15237
6.10238,-2.16240,2.15237
6.09315,-2.14834,2.15111
6.09315,-2.14834,2.15111
6.08526,-2.13629,2.15001
6.08526,-2.13629,2.15001
6.07476,-2.12021,2.14850
6.07476,-2.12021,2.14850
6.06602,-2.10679,2.14721
6.06602,-2.10679,2.14721
6.06602,-2.10679,2.14721
6.05470,-2.08935,2.14707
6.05470,-2.08935,2.14707
6.04471,-2.07411,2.15602
6.04210,-2.07018,2.15945
6.04210,-2.07018,2.15945
6.03241,-2.05582,2.16965
6.03241,-2.05582,2.16965
6.02257,-2.04155,2.17969
6.02257,-2.04155,2.17969
6.01259,-2.02738,2.18957
6.01030,-2.02417,2.19173
6.01030,-2.02417,2.19173
5.99874,-2.00819,2.20254
5.99874,-2.00819,2.20254
5.98890,-1.99486,2.21143
5.98890,-1.99486,2.21143
5.97989,-1.98287,2.21938
5.97989,-1.98287,2.21938
5.97366,-1.97470,2.22434
5.96643,-1.96532,2.23093
5.96643,-1.96532,2.23093
5.95816,-1.95475,2.23792
5.95670,-1.95289,2.23915
5.94587,-1.93930,2.24821
5.94587,-1.93930,2.24821
5.93492,-1.92581,2.25729
5.93392,-1.92459,2.25813
5.92486,-1.91364,2.26566
5.92486,-1.91364,2.26566
5.91471,-1.90156,2.27417
5.91471,-1.90156,2.27417
5.90446,-1.88957,2.28296
5.90446,-1.88957,2.28296
5.89304,-1.87645,2.29094
5.89147,-1.87466,2.29188
5.89147,-1.87466,2.29188
5.88148,-1.86336,2.29779
5.87143,-1.85212,2.30351
5.86824,-1.84858,2.30531
5.86824,-1.84858,2.30531
5.85703,-1.83624,2.31139
5.85381,-1.83272,2.31311
5.85381,-1.83272,2.31311
5.84195,-1.81988,2.31930
5.83871,-1.81639,2.32096
5.83871,-1.81639,2.32096
5.82839,-1.80537,2.32619
5.82020,-1.79671,2.33025
5.81527,-1.79153,2.33268
5.81527,-1.79153,2.33268
5.80205,-1.77777,2.33904
5.80205,-1.77777,2.33904
5.80205,-1.77777,2.33904
5.78764,-1.76295,2.34584
5.78764,-1.76295,2.34584
5.78764,-1.76295,2.34584
5.78764,-1.76295,2.34584
5.78764,-1.76295,2.34584
5.76471,-1.73978,2.35645
5.75287,-1.72801,2.36187
5.75230,-1.72745,2.36213
5.74040,-1.71574,2.36755
5.73926,-1.71463,2.36807
5.73926,-1.71463,2.36807
5.72557,-1.70135,2.37453
5.72557,-1.70135,2.37453
5.71410,-1.69035,2.38003
5.70949,-1.68597,2.38228
5.70949,-1.68597,2.38228
5.69449,-1.67184,2.38987
5.69449,-1.67184,2.38987
5.68418,-1.66227,2.39685
5.68418,-1.66227,2.39685
5.67325,-1.65222,2.40257
5.67325,-1.65222,2.40257
5.65981,-1.63997,2.40495
5.65981,-1.63997,2.40495
5.64856,-1.62978,2.40482
5.64856,-1.62978,2.40482
5.63789,-1.62010,2.40441
5.63789,-1.62010,2.40441
5.62249,-1.60611,2.40364
5.62190,-1.60557,2.40361
5.62190,-1.60557,2.40361
5.61066,-1.59534,2.40304
5.61066,-1.59534,2.40304
5.59882,-1.58456,2.40245
5.59882,-1.58456,2.40245
5.58759,-1.57432,2.40190
5.57695,-1.56461,2.40137
5.57636,-1.56407,2.40134
5.56396,-1.55273,2.40073
5.56278,-1.55165,2.40067
5.56278,-1.55165,2.40067
5.55156,-1.54138,2.40012
5.55156,-1.54138,2.40012
5.53858,-1.52949,2.39948
5.53858,-1.52949,2.39948
5.52738,-1.51921,2.39892
5.52738,-1.51921,2.39892
5.51559,-1.50838,2.39832
5.51559,-1.50838,2.39832
5.50440,-1.49809,2.39775
5.50440,-1.49809,2.39775
5.49321,-1.48779,2.39715
5.49321,-1.48779,2.39715
5.48203,-1.47749,2.39637
5.47027,-1.46662,2.39434
5.46910,-1.46553,2.39413
5.46910,-1.46553,2.39413
5.45912,-1.45627,2.39242
5.45912,-1.45627,2.39242
5.44507,-1.44317,2.39001
5.44507,-1.44317,2.39001
5.43222,-1.43114,2.38784
5.43222,-1.43114,2.38784
5.42988,-1.42894,2.38755
5.41939,-1.41907,2.38573
5.40891,-1.40918,2.38404
5.40891,-1.40918,2.38404
5.39903,-1.39982,2.38247
5.38975,-1.39100,2.38101
5.38917,-1.39044,2.38092
5.38627,-1.38769,2.38046
5.37468,-1.37663,2.37875
5.37006,-1.37221,2.37794
5.37006,-1.37221,2.37794
5.35677,-1.35946,2.37587
5.35100,-1.35391,2.37497
5.35100,-1.35391,2.37497
5.34236,-1.34557,2.37362
5.34121,-1.34446,2.37344
5.32798,-1.33166,2.37136
5.32798,-1.33166,2.37136
5.31707,-1.32106,2.36961
5.31707,-1.32106,2.36961
5.30618,-1.31044,2.36784
5.30618,-1.31044,2.36784
5.29588,-1.30036,2.36620
5.29531,-1.29980,2.36601
5.28446,-1.28914,2.36413
5.28446,-1.28914,2.36413
5.27591,-1.28071,2.36273
5.26680,-1.27171,2.36140
5.26680,-1.27171,2.36140
5.25600,-1.26101,2.36043
5.25600,-1.26101,2.36043
5.24464,-1.24973,2.35948
5.24464,-1.24973,2.35948
5.23272,-1.23788,2.35851
5.23272,-1.23788,2.35851
5.22251,-1.22771,2.35773
5.22251,-1.22771,2.35773
5.21061,-1.21584,2.35683
5.21061,-1.21584,2.35683
5.19929,-1.20453,2.35599
5.18798,-1.19320,2.35516
5.18516,-1.19037,2.35495
5.18516,-1.19037,2.35495
5.17386,-1.17903,2.35413
5.17386,-1.17903,2.35413
5.16200,-1.16712,2.35328
5.16200,-1.16712,2.35328
5.15128,-1.15633,2.35251
5.15128,-1.15633,2.35251
5.14170,-1.14667,2.35182
5.14170,-1.14667,2.35182
5.12819,-1.13303,2.35084
5.12819,-1.13303,2.35084
5.11806,-1.12278,2.35010
5.11806,-1.12278,2.35010
5.10625,-1.11082,2.34922
5.10007,-1.10455,2.34875
5.09446,-1.09885,2.34829
5.09446,-1.09885,2.34829
5.08604,-1.09029,2.34762
5.07707,-1.08116,2.34740
5.07707,-1.08116,2.34740
5.06697,-1.07089,2.34743
5.06697,-1.07089,2.34743
5.05968,-1.06347,2.34748
5.04959,-1.05320,2.34756
5.04959,-1.05320,2.34756
5.04230,-1.04578,2.34762
5.03501,-1.03837,2.34768
5.03501,-1.03837,2.34768
5.02491,-1.02810,2.34776
5.01538,-1.01840,2.34783
5.01370,-1.01669,2.34785
5.01370,-1.01669,2.34785
5.00248,-1.00528,2.34794
4.99182,-0.99445,2.34802
4.99182,-0.99445,2.34802
4.98172,-0.98418,2.34810
4.98172,-0.98418,2.34810
4.97162,-0.97392,2.34818
4.97162,-0.97392,2.34818
4.96825,-0.97050,2.34820
4.95759,-0.95967,2.34828
4.94749,-0.94941,2.34836
4.94749,-0.94941,2.34836
4.93739,-0.93914,2.34844
4.93739,-0.93914,2.34844
4.92728,-0.92888,2.34852
4.92728,-0.92888,2.34852
4.91718,-0.91862,2.34859
4.91718,-0.91862,2.34859
4.90651,-0.90780,2.34868
4.90651,-0.90780,2.34868
4.89528,-0.89640,2.34877
4.89528,-0.89640,2.34877
4.88518,-0.88614,2.34885
4.88518,-0.88614,2.34885
4.87339,-0.87418,2.34904
4.87339,-0.87418,2.34904
4.81099,-0.81102,2.35106
4.81099,-0.81102,2.35106
4.81099,-0.81102,2.35106
4.79753,-0.79744,2.35150
4.79753,-0.79744,2.35150
4.79753,-0.79744,2.35150
4.78067,-0.78063,2.35320
4.78067,-0.78063,2.35320
4.77070,-0.77076,2.35485
4.77070,-0.77076,2.35485
4.77070,-0.77076,2.35485
4.76455,-0.76462,2.35586
4.75108,-0.75130,2.35809
4.74767,-0.74791,2.35867
4.74767,-0.74791,2.35867
4.73718,-0.73759,2.36049
4.73718,-0.73759,2.36049
4.72790,-0.72846,2.36216
4.72790,-0.72846,2.36216
4.71980,-0.72054,2.36367
4.71980,-0.72054,2.36367
4.71147,-0.71243,2.36525
4.71147,-0.71243,2.36525
4.70383,-0.70499,2.36675
4.70383,-0.70499,2.36675
4.69520,-0.69665,2.36850
4.69520,-0.69665,2.36850
4.68491,-0.68671,2.37065
4.68414,-0.68598,2.37082
4.68414,-0.68598,2.37082
4.67621,-0.67835,2.37257
4.67621,-0.67835,2.37257
4.66788,-0.67042,2.37449
4.66788,-0.67042,2.37449
4.66161,-0.66444,2.37599
4.66161,-0.66444,2.37599
4.65395,-0.65716,2.37792
4.65395,-0.65716,2.37792
4.64663,-0.65029,2.37984
4.64632,-0.65000,2.37993
4.64632,-0.65000,2.37993
4.64601,-0.64971,2.38001
4.63852,-0.64267,2.38207
4.63509,-0.63946,2.38300
4.63121,-0.63583,2.38426
4.63121,-0.63583,2.38426
4.62412,-0.62925,2.38650
4.62412,-0.62925,2.38650
4.61969,-0.62519,2.38799
4.61969,-0.62519,2.38799
4.61526,-0.62109,2.38957
4.61526,-0.62109,2.38957
4.61068,-0.61691,2.39131
4.61068,-0.61691,2.39131
4.60660,-0.61320,2.39296
4.60660,-0.61320,2.39296
4.60228,-0.60926,2.39490
4.60228,-0.60926,2.39490
4.59914,-0.60647,2.39641
4.59914,-0.60647,2.39641
4.59563,-0.60332,2.39823
4.59563,-0.60332,2.39823
4.59346,-0.60140,2.39949
4.59346,-0.60140,2.39949
4.59196,-0.60005,2.40041
4.59018,-0.59852,2.40157
4.58790,-0.59649,2.40326
4.58790,-0.59649,2.40326
4.58790,-0.59649,2.40326
4.58511,-0.59409,2.40569
4.58511,-0.59409,2.40569
4.58511,-0.59409,2.40569
4.58334,-0.59262,2.40761
4.58334,-0.59262,2.40761
4.58191,-0.59143,2.40959
4.58191,-0.59143,2.40959
4.58099,-0.59067,2.41143
4.58099,-0.59067,2.41143
4.58046,-0.59032,2.41302
4.58046,-0.59032,2.41302
4.58021,-0.59016,2.41478
4.58021,-0.59016,2.41478
4.58029,-0.59034,2.41654
4.58029,-0.59034,2.41654
4.58069,-0.59082,2.41829
4.58069,-0.59082,2.41829
4.58069,-0.59082,2.41829
4.58156,-0.59166,2.42031
4.58156,-0.59166,2.42031
4.58293,-0.59299,2.42244
4.58293,-0.59299,2.42244
4.58293,-0.59299,2.42244
4.58520,-0.59513,2.42499
4.58520,-0.59513,2.42499
4.58520,-0.59513,2.42499
4.58730,-0.59709,2.42684
4.58783,-0.59758,2.42727
4.58990,-0.59942,2.42879
4.58990,-0.59942,2.42879
4.59234,-0.60165,2.43041
4.59375,-0.60289,2.43125
4.59375,-0.60289,2.43125
4.59662,-0.60549,2.43286
4.59662,-0.60549,2.43286
4.59662,-0.60549,2.43286
4.60155,-0.60986,2.43530
4.60155,-0.60986,2.43530
4.60614,-0.61385,2.43731
4.60614,-0.61385,2.43731
4.60986,-0.61712,2.43882
4.60986,-0.61712,2.43882
4.61452,-0.62118,2.44060
4.61452,-0.62118,2.44060
4.62054,-0.62636,2.44270
4.62054,-0.62636,2.44270
4.62054,-0.62636,2.44270
4.62814,-0.63287,2.44517
4.62814,-0.63287,2.44517
4.63404,-0.63795,2.44692
4.63404,-0.63795,2.44692
4.63964,-0.64262,2.44697
4.63964,-0.64262,2.44697
4.64382,-0.64611,2.44426
4.64682,-0.64863,2.44187
4.64682,-0.64863,2.44187
4.65254,-0.65348,2.43388
4.65769,-0.65792,2.42496
4.65980,-0.65974,2.42010
4.65980,-0.65974,2.42010
4.66575,-0.66501,2.40238
4.66575,-0.66501,2.40238
4.66575,-0.66501,2.40238
4.67470,-0.67336,2.36550
4.67470,-0.67336,2.36550
4.68030,-0.67891,2.33590
4.68030,-0.67891,2.33590
4.68167,-0.68033,2.32926
4.68754,-0.68669,2.28890
4.68754,-0.68669,2.28890
4.69246,-0.69230,2.25039
4.69683,-0.69772,2.21210
4.69683,-0.69772,2.21210
4.69683,-0.69772,2.21210
4.70306,-0.70591,2.14750
4.70306,-0.70591,2.14750
4.70348,-0.70649,2.14518
4.70683,-0.71154,2.10392
4.71044,-0.71753,2.05922
4.71112,-0.71870,2.05052
4.71398,-0.72398,2.01204
4.71413,-0.72427,2.00990
4.71413,-0.72427,2.00990
4.71750,-0.73094,1.95848
4.71911,-0.73446,1.93073
4.71911,-0.73446,1.93073
4.72130,-0.73930,1.89044
4.72130,-0.73930,1.89044
4.72151,-0.73980,1.88617
4.72381,-0.74539,1.83732
4.72381,-0.74539,1.83732
4.72571,-0.75031,1.79056
4.72571,-0.75031,1.79056
4.72761,-0.75558,1.73560
4.72761,-0.75558,1.73560
4.72841,-0.75801,1.70801
4.72891,-0.75958,1.68913
4.72891,-0.75958,1.68913
4.72999,-0.76328,1.64037
4.72999,-0.76328,1.64037
4.73070,-0.76606,1.59844
4.73070,-0.76606,1.59844
4.73119,-0.76844,1.55628
4.73133,-0.76927,1.53967
4.73133,-0.76927,1.53967
4.73155,-0.77129,1.49158
4.73155,-0.77129,1.49158
4.73150,-0.77273,1.44397
4.73150,-0.77273,1.44397
4.73130,-0.77361,1.39848
4.73129,-0.77364,1.39641
4.73119,-0.77399,1.36122
4.73119,-0.77399,1.36122
4.73115,-0.77408,1.33649
4.73115,-0.77402,1.30377
4.73115,-0.77402,1.30377
4.73125,-0.77367,1.26136
4.73125,-0.77367,1.26136
4.73150,-0.77304,1.22158
4.73152,-0.77300,1.21960
4.73191,-0.77212,1.18202
4.73207,-0.77179,1.17015
4.73249,-0.77100,1.14637
4.73270,-0.77060,1.13444
4.73286,-0.77031,1.12446
4.73397,-0.76850,1.07842
4.73397,-0.76850,1.07842
4.73408,-0.76832,1.07439
4.73555,-0.76614,1.02763
4.73555,-0.76614,1.02763
4.73702,-0.76422,0.99081
4.73841,-0.76247,0.95977
4.73841,-0.76247,0.95977
4.74040,-0.76022,0.92256
4.74040,-0.76022,0.92256
4.74332,-0.75708,0.87427
4.74346,-0.75694,0.87215
4.74346,-0.75694,0.87215
4.74706,-0.75339,0.82083
4.74706,-0.75339,0.82083
4.75159,-0.74922,0.76432
4.75159,-0.74922,0.76432
4.75159,-0.74922,0.76432
4.75695,-0.74457,0.70477
4.75695,-0.74457,0.70477
4.76114,-0.74108,0.66242
4.76114,-0.74108,0.66242
4.76616,-0.73703,0.61528
4.76616,-0.73703,0.61528
4.76691,-0.73644,0.60852
4.77240,-0.73215,0.56108
4.77240,-0.73215,0.56108
4.78036,-0.72614,0.49798
4.78095,-0.72571,0.49355
4.78095,-0.72571,0.49355
4.78737,-0.72119,0.44829
4.78737,-0.72119,0.44829
4.78737,-0.72119,0.44829
4.79748,-0.71469,0.38181
4.79748,-0.71469,0.38181
4.80686,-0.70931,0.32382
4.80686,-0.70931,0.32382
4.81156,-0.70681,0.29589
4.81564,-0.70479,0.27218
4.81564,-0.70479,0.27218
4.82597,-0.70016,0.21387
4.82597,-0.70016,0.21387
4.83351,-0.69729,0.17280
4.83351,-0.69729,0.17280
4.84086,-0.69482,0.13497
4.84168,-0.69457,0.13077
4.85180,-0.69182,0.08085
4.85266,-0.69162,0.07672
4.85266,-0.69162,0.07672
4.86180,-0.68974,0.03340
4.86180,-0.68974,0.03340
4.87210,-0.68820,-0.01384
4.87255,-0.68815,-0.01590
4.88076,-0.68738,-0.05215
4.88076,-0.68738,-0.05215
4.89133,-0.68689,-0.09612
4.89133,-0.68689,-0.09612
4.89133,-0.68689,-0.09612
4.90268,-0.68692,-0.13655
4.90268,-0.68692,-0.13655
4.91122,-0.68733,-0.16238
4.91122,-0.68733,-0.16238
4.92053,-0.68816,-0.18520
4.92053,-0.68816,-0.18520
4.92053,-0.68816,-0.18520
4.93103,-0.68958,-0.20434
4.93103,-0.68958,-0.20434
4.94223,-0.69158,-0.21712
4.94223,-0.69158,-0.21712
4.94949,-0.69302,-0.22038
4.95502,-0.69414,-0.22045
4.95502,-0.69414,-0.22045
4.96308,-0.69580,-0.21615
4.96308,-0.69580,-0.21615
4.97198,-0.69764,-0.20579
4.97198,-0.69764,-0.20579
4.98003,-0.69928,-0.19128
4.98003,-0.69928,-0.19128
4.98936,-0.70101,-0.16768
4.98936,-0.70101,-0.16768
4.99702,-0.70230,-0.14345
4.99956,-0.70273,-0.13414
5.00707,-0.70399,-0.10555
5.00913,-0.70434,-0.09479
5.00913,-0.70434,-0.09479
5.01876,-0.70579,-0.04933
5.01916,-0.70584,-0.04733
5.01916,-0.70584,-0.04733
5.01916,-0.70584,-0.04733
5.02935,-0.70681,0.00761
5.04755,-0.70716,0.10327
5.04755,-0.70716,0.10327
5.05635,-0.70679,0.14293
5.05635,-0.70679,0.14293
5.06191,-0.70637,0.16670
5.06534,-0.70603,0.18240
5.07434,-0.70482,0.22651
5.07434,-0.70482,0.22651
5.08291,-0.70326,0.27242
5.08334,-0.70317,0.27480
5.09136,-0.70126,0.32101
5.09136,-0.70126,0.32101
5.09136,-0.70126,0.32101
5.10141,-0.69830,0.38250
5.10141,-0.69830,0.38250
5.10967,-0.69539,0.43212
5.10967,-0.69539,0.43212
5.11903,-0.69160,0.48878
5.11903,-0.69160,0.48878
5.12766,-0.68780,0.54005
5.12766,-0.68780,0.54005
5.13632,-0.68365,0.59113
5.13632,-0.68365,0.59113
5.14447,-0.67934,0.63961
5.14529,-0.67890,0.64441
5.14529,-0.67890,0.64441
5.15699,-0.67201,0.71316
5.15699,-0.67201,0.71316
5.15699,-0.67201,0.71316
5.16571,-0.66629,0.76370
5.16571,-0.66629,0.76370
5.17599,-0.65861,0.82615
5.17636,-0.65831,0.82848
5.17636,-0.65831,0.82848
5.18399,-0.65181,0.87758
5.18399,-0.65181,0.87758
5.19503,-0.64105,0.95308
5.19703,-0.63892,0.96725
5.19703,-0.63892,0.96725
5.20414,-0.63082,1.01946
5.20445,-0.63044,1.02184
5.20445,-0.63044,1.02184
5.21060,-0.62263,1.06962
5.21060,-0.62263,1.06962
5.21646,-0.61444,1.11764
5.21816,-0.61190,1.13209
5.22148,-0.60672,1.16104
5.22679,-0.59779,1.20937
5.22731,-0.59687,1.21421
5.23059,-0.59083,1.24569
5.23445,-0.58317,1.28453
5.23492,-0.58219,1.28938
5.23492,-0.58219,1.28938
5.23991,-0.57121,1.34276
5.23991,-0.57121,1.34276
5.24473,-0.55934,1.39625
5.24473,-0.55934,1.39625
5.24820,-0.54984,1.43521
5.24930,-0.54665,1.44713
5.24930,-0.54665,1.44713
5.25258,-0.53643,1.48245
5.25258,-0.53643,1.48245
5.25630,-0.52334,1.52050
5.25630,-0.52334,1.52050
5.25952,-0.51007,1.55041
5.25964,-0.50951,1.55147
5.25976,-0.50896,1.55252
5.26236,-0.49603,1.57367
5.26306,-0.49205,1.57870
5.26306,-0.49205,1.57870
5.26514,-0.47831,1.59093
5.26514,-0.47831,1.59093
5.26651,-0.46672,1.59512
5.26651,-0.46672,1.59512
5.26745,-0.45614,1.59492
5.26745,-0.45614,1.59492
5.26800,-0.44783,1.59177
5.26846,-0.43758,1.58595
5.26850,-0.43637,1.58510
5.26879,-0.42220,1.57398
5.26879,-0.42220,1.57398
5.26882,-0.40904,1.56006
5.26882,-0.40904,1.56006
5.26888,-0.39691,1.54438
5.26888,-0.39691,1.54438
5.26901,-0.38400,1.52340
5.26901,-0.38400,1.52340
5.26942,-0.37029,1.49793
5.26945,-0.36964,1.49661
5.27001,-0.36044,1.47762
5.27055,-0.35385,1.46325
5.27055,-0.35385,1.46325
5.27212,-0.33927,1.42918
5.27212,-0.33927,1.42918
5.27435,-0.32390,1.39014
5.27435,-0.32390,1.39014
5.27624,-0.31317,1.36159
5.27700,-0.30919,1.35080
5.27739,-0.30720,1.34715
5.28019,-0.29405,1.30856
5.28019,-0.29405,1.30856
5.28381,-0.27915,1.26570
5.28381,-0.27915,1.26570
5.28730,-0.26636,1.22835
5.28730,-0.26636,1.22835
5.29090,-0.25436,1.19699
5.29170,-0.25185,1.19105
5.29170,-0.25185,1.19105
5.29670,-0.23696,1.16028
5.29670,-0.23696,1.16028
5.29890,-0.23083,1.14990
5.30285,-0.22043,1.13400
5.30285,-0.22043,1.13400
5.30836,-0.20683,1.11120
5.30836,-0.20683,1.11120
5.31434,-0.19310,1.08495
5.31434,-0.19310,1.08495
5.32018,-0.18050,1.05810
5.32018,-0.18050,1.05810
5.32511,-0.17036,1.03458
5.32702,-0.16657,1.02551
5.33258,-0.15591,1.00008
5.33561,-0.15032,0.98812
5.34151,-0.13987,0.96143
5.34187,-0.13925,0.95997
5.34222,-0.13864,0.95852
5.34985,-0.12592,0.92790
5.34985,-0.12592,0.92790
5.35626,-0.11579,0.90342
5.36569,-0.10178,0.86899
5.36609,-0.10120,0.86757
5.36609,-0.10120,0.86757
5.37512,-0.08867,0.83626
5.37512,-0.08867,0.83626
5.38449,-0.07647,0.80492
5.38667,-0.07375,0.79779
5.38667,-0.07375,0.79779
5.39465,-0.06410,0.77206
5.40286,-0.05470,0.74618
5.40286,-0.05470,0.74618
5.40940,-0.04757,0.72601
5.41367,-0.04309,0.71285
5.41367,-0.04309,0.71285
5.42336,-0.03336,0.68496
5.42980,-0.02725,0.66419
5.42980,-0.02725,0.66419
5.44146,-0.01679,0.62993
5.44146,-0.01679,0.62993
5.45084,-0.00881,0.60575
5.45402,-0.00617,0.59838
5.45402,-0.00617,0.59838
5.46647,0.00382,0.57344
5.46977,0.00639,0.56784
5.47033,0.00682,0.56694
5.48271,0.01613,0.54950
5.48271,0.01613,0.54950
5.49547,0.02533,0.53612
5.49547,0.02533,0.53612
5.50258,0.03029,0.53048
5.51103,0.03606,0.52514
5.51103,0.03606,0.52514
5.52462,0.04507,0.51943
5.52462,0.04507,0.51943
5.53926,0.05446,0.51657
5.53926,0.05446,0.51657
5.55102,0.06178,0.51608
5.55699,0.06541,0.51588
5.55699,0.06541,0.51588
5.56914,0.07263,0.51545
5.56914,0.07263,0.51545
5.58502,0.08173,0.51483
5.58502,0.08173,0.51483
5.58502,0.08173,0.51483
5.60732,0.09433,0.51366
5.60872,0.09512,0.51359
5.62196,0.10258,0.51287
5.62266,0.10298,0.51283
5.62754,0.10572,0.51256
5.64149,0.11357,0.51178
5.64149,0.11357,0.51178
5.65405,0.12062,0.51107
5.65405,0.12062,0.51107
5.67151,0.13040,0.51007
5.67151,0.13040,0.51007
5.67151,0.13040,0.51007
5.68478,0.13782,0.50929
5.68478,0.13782,0.50929
5.70150,0.14714,0.50830
5.70150,0.14714,0.50830
5.71565,0.15503,0.50743
5.71565,0.15503,0.50743
5.71565,0.15503,0.50743
5.73306,0.16473,0.50632
5.73431,0.16542,0.50624
5.74857,0.17334,0.50305
5.74857,0.17334,0.50305
5.76290,0.18118,0.49783
5.76290,0.18118,0.49783
5.77287,0.18660,0.49607
5.77602,0.18831,0.49584
5.78363,0.19242,0.49624
5.78998,0.19587,0.49829
5.78998,0.19587,0.49829
5.80217,0.20254,0.50466
5.81641,0.21049,0.51696
5.81641,0.21049,0.51696
5.81641,0.21049,0.51696
5.83273,0.21995,0.53662
5.83338,0.22033,0.53752
5.83338,0.22033,0.53752
5.84959,0.23024,0.56000
5.84959,0.23024,0.56000
5.86367,0.23925,0.57983
5.86367,0.23925,0.57983
5.87504,0.24683,0.59613
5.87504,0.24683,0.59613
5.88753,0.25546,0.61428
5.88753,0.25546,0.61428
5.88753,0.25546,0.61428
5.90837,0.27064,0.64542
5.90837,0.27064,0.64542
5.91079,0.27201,0.64819
5.92337,0.28220,0.66868
5.92337,0.28220,0.66868
5.93513,0.29166,0.68784
5.93513,0.29166,0.68784
5.94895,0.30328,0.71147
5.94952,0.30377,0.71239
5.95411,0.30771,0.71939
5.96391,0.31623,0.73255
5.96391,0.31623,0.73255
5.97551,0.32653,0.74526
5.97551,0.32653,0.74526
5.99104,0.34094,0.75927
5.99219,0.34203,0.76016
5.99219,0.34203,0.76016
6.00696,0.35624,0.77159
6.00753,0.35679,0.77201
6.01655,0.36563,0.77878
6.02048,0.36951,0.78175
6.02048,0.36951,0.78175
6.02048,0.36951,0.78175
6.03553,0.38462,0.79289
6.03553,0.38462,0.79289
6.03553,0.38462,0.79289
6.04326,0.39252,0.79861
6.05970,0.40960,0.81067
6.05970,0.40960,0.81067
6.07163,0.42225,0.81948
6.07163,0.42225,0.81948
6.08237,0.43384,0.82750
6.08237,0.43384,0.82750
6.08397,0.43558,0.82870
6.09355,0.44610,0.83594
6.09355,0.44610,0.83594
6.10724,0.46141,0.84649
6.10724,0.46141,0.84649
6.12076,0.47685,0.85736
6.12076,0.47685,0.85736
6.13206,0.49003,0.86683
6.13206,0.49003,0.86683
6.13715,0.49605,0.87135
6.14170,0.50148,0.87543
6.15075,0.51240,0.88322
6.15075,0.51240,0.88322
6.16011,0.52387,0.88817
6.16011,0.52387,0.88817
6.16931,0.53521,0.88886
6.16931,0.53521,0.88886
6.17852,0.54649,0.88265
6.17852,0.54649,0.88265
6.18976,0.56006,0.87111
6.18976,0.56006,0.87111
6.18976,0.56006,0.87111
6.20125,0.57356,0.85954
6.20125,0.57356,0.85954
6.21509,0.58946,0.85058
6.21509,0.58946,0.85058
6.22556,0.60135,0.84782
6.22980,0.60615,0.84749
6.22980,0.60615,0.84749
6.24198,0.61994,0.84752
6.24198,0.61994,0.84752
6.25150,0.63073,0.84766
6.25150,0.63073,0.84766
6.25891,0.63913,0.84779
6.26474,0.64573,0.84789
6.26685,0.64813,0.84791
6.27479,0.65713,0.84806
6.27479,0.65713,0.84806
6.28537,0.66913,0.84825
6.29542,0.68053,0.84844
6.29542,0.68053,0.84844
6.29542,0.68053,0.84844
6.30653,0.69313,0.84865
6.30653,0.69313,0.84865
6.31868,0.70694,0.84888
6.31868,0.70694,0.84888
6.33190,0.72195,0.84915
6.33190,0.72195,0.84915
6.33190,0.72195,0.84915
6.34723,0.73935,0.84562
6.34723,0.73935,0.84562
6.35667,0.74997,0.83835
6.35667,0.74997,0.83835
6.36833,0.76287,0.83211
6.36833,0.76287,0.83211
6.37696,0.77231,0.82981
6.38020,0.77585,0.82914
6.38020,0.77585,0.82914
6.39428,0.79118,0.82623
6.39862,0.79589,0.82536
6.39862,0.79589,0.82536
6.39862,0.79589,0.82536
6.41276,0.81116,0.82255
6.41276,0.81116,0.82255
6.42585,0.82523,0.81999
6.42585,0.82523,0.81999
6.43624,0.83634,0.81798
6.43624,0.83634,0.81798
6.44884,0.84976,0.81555
6.44884,0.84976,0.81555
6.46038,0.86199,0.81334
6.46038,0.86199,0.81334
6.47304,0.87535,0.81086
6.47304,0.87535,0.81086
6.48353,0.88636,0.80880
6.48353,0.88636,0.80880
6.49349,0.89678,0.80680
6.49349,0.89678,0.80680
6.50569,0.90948,0.80428
6.50846,0.91236,0.80369
6.50846,0.91236,0.80369
6.51736,0.92158,0.80178
6.52516,0.92963,0.80054
6.52516,0.92963,0.80054
6.53743,0.94225,0.79878
6.53743,0.94225,0.79878
6.54637,0.95143,0.79758
6.55309,0.95830,0.79668
6.55420,0.95944,0.79661
6.56485,0.97031,0.79516
6.56485,0.97031,0.79516
6.57494,0.98059,0.79388
6.57494,0.98059,0.79388
6.58729,0.99314,0.79236
6.58729,0.99314,0.79236
6.59854,1.00453,0.79100
6.59854,1.00453,0.79100
6.61037,1.01647,0.78959
6.61037,1.01647,0.78959
6.62165,1.02783,0.78826
6.62165,1.02783,0.78826
6.63238,1.03861,0.78700
6.63238,1.03861,0.78700
6.64199,1.04824,0.78595
6.64369,1.04994,0.78569
6.65784,1.06408,0.78403
6.65841,1.06465,0.78396
6.66578,1.07199,0.78310
6.66578,1.07199,0.78310
6.67827,1.08441,0.78162
6.67827,1.08441,0.78162
6.68964,1.09568,0.78025
6.68964,1.09568,0.78025
6.70273,1.10862,0.77862
6.70273,1.10862,0.77862
6.71128,1.11704,0.77802
6.71128,1.11704,0.77802
6.72382,1.12940,0.77780
6.72382,1.12940,0.77780
6.73580,1.14119,0.77760
6.73637,1.14175,0.77759
6.73637,1.14175,0.77759
6.73637,1.14175,0.77759
6.75461,1.15971,0.77732
6.76602,1.17093,0.77716
6.76602,1.17093,0.77716
6.77629,1.18103,0.77701
6.77629,1.18103,0.77701
6.79112,1.19561,0.77681
6.79169,1.19617,0.77680
6.79169,1.19617,0.77680
6.80253,1.20683,0.77666
6.80253,1.20683,0.77666
6.81680,1.22085,0.77647
6.81737,1.22141,0.77646
6.82479,1.22869,0.77636
6.82993,1.23374,0.77630
6.82993,1.23374,0.77630
6.84306,1.24663,0.77613
6.84363,1.24719,0.77612
6.84363,1.24719,0.77612
6.85790,1.26120,0.77594
6.85790,1.26120,0.77594
6.85790,1.26120,0.77594
6.87504,1.27801,0.77572
6.88304,1.28586,0.77561
6.88304,1.28586,0.77561
6.89332,1.29594,0.77548
6.89332,1.29594,0.77548
6.90475,1.30714,0.77532
6.90475,1.30714,0.77532
6.91846,1.32058,0.77523
6.91846,1.32058,0.77523
6.91846,1.32058,0.77523
6.93388,1.33570,0.77575
6.94130,1.34298,0.77602
6.94130,1.34298,0.77602
6.95215,1.35362,0.77640
6.95215,1.35362,0.77640
6.95215,1.35362,0.77640
6.96527,1.36652,0.77685
6.96584,1.36708,0.77685
6.96584,1.36708,0.77685
6.96584,1.36708,0.77685
6.99434,1.39513,0.77782
6.99491,1.39569,0.77783
7.00915,1.40972,0.77830
7.00915,1.40972,0.77830
7.00915,1.40972,0.77830
7.02111,1.42152,0.77868
7.02111,1.42152,0.77868
7.03022,1.43051,0.77896
7.03534,1.43557,0.77912
7.04616,1.44625,0.77946
7.04672,1.44681,0.77948
7.05810,1.45805,0.77984
7.05924,1.45918,0.77987
7.05924,1.45918,0.77987
7.07118,1.47099,0.78025
7.07118,1.47099,0.78025
7.08255,1.48225,0.78061
7.08255,1.48225,0.78061
7.09391,1.49351,0.78098
7.09391,1.49351,0.78098
7.09675,1.49632,0.78108
7.11265,1.51209,0.78161
7.11549,1.51491,0.78171
7.11549,1.51491,0.78171
7.12911,1.52844,0.78216
7.12911,1.52844,0.78216
7.12911,1.52844,0.78216
7.14442,1.54366,0.78256
7.14442,1.54366,0.78256
7.15747,1.55664,0.78289
7.15803,1.55720,0.78290
7.16824,1.56736,0.78315
7.17391,1.57300,0.78328
7.17391,1.57300,0.78328
7.18751,1.58655,0.78360
7.18864,1.58768,0.78362
7.18864,1.58768,0.78362
7.20054,1.59954,0.78390
7.20677,1.60575,0.78404
7.21526,1.61422,0.78423
7.21640,1.61535,0.78426
7.22715,1.62609,0.78450
7.22715,1.62609,0.78450
7.23791,1.63683,0.78474
7.23847,1.63739,0.78475
7.24923,1.64813,0.78499
7.24923,1.64813,0.78499
7.26054,1.65944,0.78524
7.26054,1.65944,0.78524
7.26733,1.66623,0.78538
7.27355,1.67245,0.78553
7.27355,1.67245,0.78553
7.28486,1.68377,0.78580
7.28486,1.68377,0.78580
7.29447,1.69339,0.78602
7.30012,1.69905,0.78616
7.31255,1.71150,0.78646
7.31255,1.71150,0.78646
7.32216,1.72113,0.78670
7.32442,1.72339,0.78676
7.32442,1.72339,0.78676
7.33623,1.73526,0.78706
7.33623,1.73526,0.78706
7.34889,1.74797,0.78503
7.34889,1.74797,0.78503
7.35919,1.75828,0.78340
7.35919,1.75828,0.78340
7.37099,1.77006,0.78558
7.37099,1.77006,0.78558
7.38163,1.78076,0.79368
7.38163,1.78076,0.79368
7.39361,1.79308,0.80543
7.39463,1.79414,0.80649
7.39463,1.79414,0.80649
7.40561,1.80574,0.81926
7.40561,1.80574,0.81926
7.41428,1.81511,0.83073
7.41899,1.82030,0.83784
7.41899,1.82030,0.83784
7.43031,1.83307,0.85571
7.43031,1.83307,0.85571
7.44021,1.84465,0.87262
7.44062,1.84515,0.87336
7.44062,1.84515,0.87336
7.44915,1.85547,0.88879
7.44915,1.85547,0.88879
7.45686,1.86513,0.90353
7.45686,1.86513,0.90353
7.46457,1.87508,0.91952
7.46457,1.87508,0.91952
7.47283,1.88615,0.93781
7.47283,1.88615,0.93781
7.47991,1.89602,0.95458
7.47991,1.89602,0.95458
7.48481,1.90304,0.96678
7.48658,1.90563,0.97136
7.49224,1.91411,0.98662
7.49252,1.91453,0.98739
7.49252,1.91453,0.98739
7.49772,1.92248,1.00555
7.49772,1.92248,1.00555
7.50324,1.93136,1.03080
7.50324,1.93136,1.03080
7.50901,1.94118,1.06546
7.50901,1.94118,1.06546
7.51462,1.95160,1.10761
7.51462,1.95160,1.10761
7.51892,1.96042,1.14826
7.51892,1.96042,1.14826
7.52321,1.97023,1.19916
7.52321,1.97023,1.19916
7.52394,1.97203,1.20883
7.52803,1.98296,1.26811
7.52803,1.98296,1.26811
7.53061,1.99083,1.31016
7.53133,1.99319,1.32252
7.53216,1.99605,1.33736
7.53414,2.00333,1.37395
7.53414,2.00333,1.37395
7.53695,2.01538,1.43138
7.53695,2.01538,1.43138
7.53942,2.02842,1.48942
7.53942,2.02842,1.48942
7.53942,2.02842,1.48942
7.54104,2.03913,1.53443
7.54104,2.03913,1.53443
7.54230,2.04997,1.57881
7.54230,2.04997,1.57881
7.54335,2.06409,1.63613
7.54335,2.06409,1.63613
7.54361,2.07061,1.66248
7.54372,2.07657,1.68658
7.54372,2.07657,1.68658
7.54359,2.08850,1.73440
7.54359,2.08850,1.73440
7.54299,2.09979,1.78000
7.54299,2.09979,1.78000
7.54179,2.11200,1.82992
7.54179,2.11200,1.82992
7.54124,2.11620,1.84735
7.53925,2.12811,1.89752
7.53925,2.12811,1.89752
7.53925,2.12811,1.89752
7.53549,2.14523,1.97089
7.53523,2.14626,1.97538
7.53523,2.14626,1.97538
7.53249,2.15672,2.02032
7.53234,2.15724,2.02032
7.52972,2.16606,2.06055
7.52671,2.17545,2.09808
7.52584,2.17807,2.10795
7.52584,2.17807,2.10795
7.52109,2.19100,2.15665
7.52109,2.19100,2.15665
7.51659,2.20152,2.19816
7.51614,2.20251,2.20214
7.51212,2.21077,2.23615
7.51038,2.21412,2.25019
7.51038,2.21412,2.25019
7.50491,2.22414,2.29081
7.50327,2.22695,2.30240
7.50272,2.22788,2.30628
7.49638,2.23811,2.34771
7.49638,2.23811,2.34771
7.49211,2.24447,2.37400
7.48798,2.25033,2.39794
7.48798,2.25033,2.39794
7.48096,2.25958,2.43664
7.47854,2.26263,2.44942
7.47243,2.26988,2.48052
7.47243,2.26988,2.48052
7.46758,2.27529,2.50413
7.46148,2.28177,2.53121
7.46148,2.28177,2.53121
7.45519,2.28806,2.55571
7.45000,2.29300,2.57621
7.45000,2.29300,2.57621
7.44105,2.30105,2.60402
7.44105,2.30105,2.60402
7.43150,2.30903,2.62673
7.43150,2.30903,2.62673
7.42385,2.31497,2.64061
7.42385,2.31497,2.64061
7.41609,2.32063,2.65004
7.41346,2.32246,2.65259
7.41346,2.32246,2.65259
7.40241,2.32974,2.65735
7.40241,2.32974,2.65735
7.39971,2.33141,2.65750
7.39111,2.33652,2.65434
7.39111,2.33652,2.65434
7.38057,2.34259,2.64377
7.38057,2.34259,2.64377
7.36899,2.34914,2.62319
7.36899,2.34914,2.62319
7.36437,2.35174,2.61473
7.35764,2.35566,2.59899
7.35764,2.35566,2.59899
7.34852,2.36117,2.57723
7.34852,2.36117,2.57723
7.34852,2.36117,2.57723
7.33625,2.36901,2.54612
7.33625,2.36901,2.54612
7.32856,2.37418,2.52540
7.32856,2.37418,2.52540
7.32162,2.37902,2.50536
7.31950,2.38053,2.49879
7.31950,2.38053,2.49879
7.30977,2.38781,2.46613
7.30977,2.38781,2.46613
7.30446,2.39204,2.44608
7.30446,2.39204,2.44608
7.30446,2.39204,2.44608
7.29688,2.39839,2.41343
7.29688,2.39839,2.41343
7.29175,2.40303,2.38797
7.28866,2.40592,2.37046
7.28866,2.40592,2.37046
7.28447,2.41001,2.34438
7.28203,2.41251,2.33000
7.28203,2.41251,2.33000
7.27580,2.41923,2.29464
7.27580,2.41923,2.29464
7.27580,2.41923,2.29464
7.27072,2.42508,2.25951
7.27072,2.42508,2.25951
7.26519,2.43201,2.20994
7.26519,2.43201,2.20994
7.26410,2.43347,2.19829
7.26021,2.43899,2.15011
7.26021,2.43899,2.15011
7.25690,2.44415,2.09806
7.25690,2.44415,2.09806
7.25690,2.44415,2.09806
7.25377,2.44970,2.03465
7.25377,2.44970,2.03465
7.25134,2.45428,1.98335
7.25134,2.45428,1.98335
7.24857,2.45992,1.92684
7.24857,2.45992,1.92684
7.24369,2.47114,1.83099
7.24369,2.47114,1.83099
7.24369,2.47114,1.83099
7.24369,2.47114,1.83099
7.24094,2.47846,1.77728
7.24094,2.47846,1.77728
7.23906,2.48451,1.73414
7.23906,2.48451,1.73414
7.23768,2.49011,1.69485
7.23768,2.49011,1.69485
7.23643,2.49656,1.65014
7.23643,2.49656,1.65014
7.23545,2.50463,1.59527
7.23545,2.50463,1.59527
7.23545,2.50463,1.59527
7.23505,2.51365,1.53361
7.23505,2.51401,1.53112
7.23526,2.52144,1.48088
7.23526,2.52144,1.48088
7.23610,2.53059,1.41956
7.23610,2.53059,1.41956
7.23610,2.53059,1.41956
7.23792,2.54161,1.34782
7.23792,2.54161,1.34782
7.23792,2.54161,1.34782
7.24089,2.55385,1.27077
7.24089,2.55385,1.27077
7.24345,2.56225,1.21937
7.24345,2.56225,1.21937
7.24682,2.57171,1.16286
7.24682,2.57171,1.16286
7.24959,2.57873,1.12145
7.25126,2.58273,1.09787
7.25126,2.58273,1.09787
7.25588,2.59313,1.03675
7.25588,2.59313,1.03675
7.26123,2.60425,0.97172
7.26123,2.60425,0.97172
7.26662,2.61467,0.91108
7.26662,2.61467,0.91108
7.26688,2.61515,0.90830
7.27164,2.62385,0.85813
7.27723,2.63347,0.80509
7.27723,2.63347,0.80509
7.28192,2.64108,0.76569
7.28433,2.64484,0.74712
7.28433,2.64484,0.74712
7.29088,2.65457,0.70171
7.29088,2.65457,0.70171
7.29873,2.66539,0.65508
7.29873,2.66539,0.65508
7.30042,2.66759,0.64763
7.30733,2.67622,0.61069
7.30733,2.67622,0.61069
7.31341,2.68336,0.58328
7.32007,2.69071,0.55660
7.32007,2.69071,0.55660
7.32007,2.69071,0.55660
7.32890,2.69982,0.52613
6.67301,3.23620,-1.51169
6.67301,3.23620,-1.51169
6.67602,3.20269,-1.44932
6.67683,3.19630,-1.43750
6.67683,3.19630,-1.43750
6.67701,3.19487,-1.43505
6.67901,3.17927,-1.41289
6.67901,3.17927,-1.41289
6.68133,3.16175,-1.39613
6.68133,3.16175,-1.39613
6.68331,3.14718,-1.38972
6.68331,3.14718,-1.38972
6.68520,3.13337,-1.39096
6.68520,3.13337,-1.39096
6.68720,3.11899,-1.39899
6.68720,3.11899,-1.39899
6.68929,3.10395,-1.41642
6.68948,3.10259,-1.41841
6.68948,3.10259,-1.41841
6.69128,3.08964,-1.44137
6.69288,3.07733,-1.46875
6.69288,3.07733,-1.46875
6.69288,3.07733,-1.46875
6.69288,3.07733,-1.46875
6.69482,3.05579,-1.51675
6.69546,3.04237,-1.54614
6.69546,3.04237,-1.54614
6.69573,3.02734,-1.57866
6.69573,3.02662,-1.58019
6.69556,3.01286,-1.60896
6.69545,3.00921,-1.61635
6.69545,3.00921,-1.61635
6.69474,2.99457,-1.64508
6.69474,2.99457,-1.64508
6.69330,2.97686,-1.67756
6.69330,2.97686,-1.67756
6.69226,2.96721,-1.69421
6.69126,2.95901,-1.70782
6.69126,2.95901,-1.70782
6.68948,2.94630,-1.72804
6.68807,2.93731,-1.74174
6.68807,2.93731,-1.74174
6.68572,2.92381,-1.76152
6.68276,2.90882,-1.78300
6.68260,2.90807,-1.78405
6.68260,2.90807,-1.78405
6.67910,2.89231,-1.80514
6.67910,2.89231,-1.80514
6.67464,2.87431,-1.82781
6.67464,2.87431,-1.82781
6.67099,2.86086,-1.84444
6.67099,2.86086,-1.84444
6.66688,2.84666,-1.86080
6.66688,2.84666,-1.86080
6.66112,2.82803,-1.88138
6.66112,2.82803,-1.88138
6.65919,2.82207,-1.88768
6.65471,2.80871,-1.90168
6.65471,2.80871,-1.90168
6.64818,2.79022,-1.92048
6.64791,2.78949,-1.92124
6.64791,2.78949,-1.92124
6.64045,2.76962,-1.94070
6.64045,2.76962,-1.94070
6.63496,2.75571,-1.95382
6.63496,2.75571,-1.95382
6.63496,2.75571,-1.95382
6.62684,2.73602,-1.97149
6.62684,2.73602,-1.97149
6.61965,2.71934,-1.98618
6.61965,2.71934,-1.98618
6.61187,2.70203,-2.00073
6.61022,2.69843,-2.00371
6.61022,2.69843,-2.00371
6.60384,2.68481,-2.01486
6.60384,2.68481,-2.01486
6.59626,2.66912,-2.02753
6.59626,2.66912,-2.02753
6.58991,2.65635,-2.03772
6.58991,2.65635,-2.03772
6.58991,2.65635,-2.03772
6.57830,2.63379,-2.05548
6.57830,2.63379,-2.05548
6.57234,2.62258,-2.06420
6.57234,2.62258,-2.06420
6.56590,2.61073,-2.07328
6.55857,2.59755,-2.08340
6.55857,2.59755,-2.08340
6.55072,2.58375,-2.09390
6.55072,2.58375,-2.09390
6.54392,2.57209,-2.10281
6.54392,2.57209,-2.10281
6.53375,2.55505,-2.11589
6.53292,2.55369,-2.11693
6.53292,2.55369,-2.11693
6.52335,2.53815,-2.12914
6.52335,2.53815,-2.12914
6.51616,2.52674,-2.13823
6.51616,2.52674,-2.13823
6.50626,2.51141,-2.15074
6.50626,2.51141,-2.15074
6.50626,2.51141,-2.15074
6.49395,2.49293,-2.16624
6.49395,2.49293,-2.16624
6.48364,2.47791,-2.17928
6.48364,2.47791,-2.17928
6.47681,2.46819,-2.18797
6.47175,2.46110,-2.19440
6.47175,2.46110,-2.19440
6.46384,2.45022,-2.20453
6.45724,2.44132,-2.21284
6.45724,2.44132,-2.21284
6.45249,2.43499,-2.21863
6.43994,2.41866,-2.23356
6.43994,2.41866,-2.23356
6.43994,2.41866,-2.23356
6.43160,2.40807,-2.24294
6.42366,2.39817,-2.25172
6.42366,2.39817,-2.25172
6.41259,2.38467,-2.26355
6.41259,2.38467,-2.26355
6.40291,2.37312,-2.27353
6.39673,2.36586,-2.27975
6.39621,2.36526,-2.28027
6.38476,2.35207,-2.29161
6.38476,2.35207,-2.29161
6.37422,2.34019,-2.30189
6.37422,2.34019,-2.30189
6.36409,2.32901,-2.31165
6.36409,2.32901,-2.31165
6.36409,2.32901,-2.31165
6.35060,2.31444,-2.32453
6.35060,2.31444,-2.32453
6.33748,2.30062,-2.33694
6.33748,2.30062,-2.33694
6.32642,2.28924,-2.34759
6.32642,2.28924,-2.34759
6.31524,2.27799,-2.35852
6.31524,2.27799,-2.35852
6.31524,2.27799,-2.35852
6.29885,2.26192,-2.37505
6.29885,2.26192,-2.37505
6.28733,2.25058,-2.38702
6.28733,2.25058,-2.38702
6.27518,2.23854,-2.40053
6.27465,2.23803,-2.40196
6.27465,2.23803,-2.40196
6.26094,2.22502,-2.42398
6.26094,2.22502,-2.42398
6.26094,2.22502,-2.42398
6.24522,2.21103,-2.45239
6.24522,2.21103,-2.45239
6.24078,2.20724,-2.45950
6.22714,2.19594,-2.47781
6.22714,2.19594,-2.47781
6.21661,2.18756,-2.48819
6.21661,2.18756,-2.48819
6.20219,2.17646,-2.49801
6.20219,2.17646,-2.49801
6.20219,2.17646,-2.49801
6.18365,2.16263,-2.50258
6.18303,2.16217,-2.50258
6.17990,2.15984,-2.50246
6.16853,2.15139,-2.50035
6.16853,2.15139,-2.50035
6.16853,2.15139,-2.50035
6.16853,2.15139,-2.50035
6.16726,2.15044,-2.49994
6.13687,2.12742,-2.48651
6.13687,2.12742,-2.48651
6.13561,2.12646,-2.48593
6.12054,2.11479,-2.47919
6.11180,2.10793,-2.47465
6.11180,2.10793,-2.47465
6.09688,2.09610,-2.46715
6.09688,2.09610,-2.46715
6.08575,2.08715,-2.46135
6.08575,2.08715,-2.46135
6.07224,2.07614,-2.45373
6.06980,2.07413,-2.45233
6.06980,2.07413,-2.45233
6.05821,2.06452,-2.44581
6.05821,2.06452,-2.44581
6.04607,2.05432,-2.43913
6.04607,2.05432,-2.43913
6.02919,2.03990,-2.43031
6.02859,2.03938,-2.42966
6.02619,2.03730,-2.42836
6.01303,2.02584,-2.42147
6.01303,2.02584,-2.42147
6.00113,2.01534,-2.41530
6.00113,2.01534,-2.41530
5.98988,2.00529,-2.40957
5.98988,2.00529,-2.40957
5.97693,1.99358,-2.40300
5.97693,1.99358,-2.40300
5.96697,1.98446,-2.39799
5.96172,1.97962,-2.39534
5.96172,1.97962,-2.39534
5.95067,1.96935,-2.38977
5.95067,1.96935,-2.38977
5.93737,1.95683,-2.38303
5.93737,1.95683,-2.38303
5.92530,1.94532,-2.37686
5.92530,1.94532,-2.37686
5.91160,1.93209,-2.36974
5.91160,1.93209,-2.36974
5.90082,1.92154,-2.36396
5.90082,1.92154,-2.36396
5.89011,1.91093,-2.35804
5.88618,1.90701,-2.35583
5.88618,1.90701,-2.35583
5.87556,1.89632,-2.34972
5.87556,1.89632,-2.34972
5.86499,1.88557,-2.34443
5.86499,1.88557,-2.34443
5.85384,1.87426,-2.34621
5.85384,1.87426,-2.34621
5.84174,1.86194,-2.35489
5.84174,1.86194,-2.35489
5.83043,1.85055,-2.36515
5.83043,1.85055,-2.36515
5.81896,1.83934,-2.37277
5.81341,1.83398,-2.37515
5.81229,1.83291,-2.37550
5.81229,1.83291,-2.37550
5.80047,1.82156,-2.37711
5.80047,1.82156,-2.37711
5.78849,1.81006,-2.37487
5.78849,1.81006,-2.37487
5.77933,1.80121,-2.37152
5.76792,1.79010,-2.36699
5.76792,1.79010,-2.36699
5.75770,1.78006,-2.36280
5.75770,1.78006,-2.36280
5.74358,1.76605,-2.35700
5.74358,1.76605,-2.35700
5.73403,1.75647,-2.35304
5.73066,1.75308,-2.35164
5.73066,1.75308,-2.35164
5.71837,1.74061,-2.34649
5.71837,1.74061,-2.34649
5.70559,1.72751,-2.34103
5.70559,1.72751,-2.34103
5.69289,1.71435,-2.33537
5.69124,1.71262,-2.33461
5.69124,1.71262,-2.33461
5.67972,1.70053,-2.32926
5.67972,1.70053,-2.32926
5.66990,1.69013,-2.32449
5.66990,1.69013,-2.32449
5.65903,1.67852,-2.32093
5.65903,1.67852,-2.32093
5.64439,1.66291,-2.32772
5.64439,1.66291,-2.32772
5.64386,1.66233,-2.32810
5.63117,1.64889,-2.33908
5.63117,1.64889,-2.33908
5.61947,1.63688,-2.35002
5.61947,1.63688,-2.35002
5.60747,1.62482,-2.35706
5.60747,1.62482,-2.35706
5.59526,1.61268,-2.35955
5.59526,1.61268,-2.35955
5.58513,1.60261,-2.35856
5.58456,1.60205,-2.35843
5.57439,1.59190,-2.35607
