7.00357,7.01058,1.28051
7.00357,7.01058,1.28051
7.00485,7.01404,1.27337
7.00490,7.01418,1.27307
7.00490,7.01418,1.27307
7.00581,7.01656,1.26802
7.00611,7.01733,1.26634
7.00611,7.01733,1.26634
7.00611,7.01733,1.26634
7.00611,7.01733,1.26634
7.00835,7.02298,1.25409
7.01006,7.02720,1.24477
7.01006,7.02720,1.24477
7.01149,7.03070,1.23686
7.01230,7.03263,1.23289
7.01351,7.03552,1.22561
7.01351,7.03552,1.22561
7.01603,7.04140,1.21142
7.01603,7.04140,1.21142
7.01797,7.04591,1.20026
7.01797,7.04591,1.20026
7.02040,7.05144,1.18617
7.02040,7.05144,1.18617
7.02312,7.05757,1.17020
7.02312,7.05757,1.17020
7.02547,7.06284,1.15625
7.02547,7.06284,1.15625
7.02822,7.06894,1.13999
7.02822,7.06894,1.13999
7.03097,7.07498,1.12348
7.03111,7.07527,1.12266
7.03368,7.08062,1.10700
7.03381,7.08089,1.10618
7.03614,7.08563,1.09139
7.03614,7.08563,1.09139
7.03679,7.08689,1.08729
7.03973,7.09262,1.06762
7.03973,7.09262,1.06762
7.04069,7.09441,1.06105
7.04297,7.09862,1.04461
7.04297,7.09862,1.04461
7.04545,7.10299,1.02572
7.04545,7.10299,1.02572
7.04759,7.10673,1.00767
7.04778,7.10705,1.00602
7.04778,7.10705,1.00602
7.04946,7.10989,0.99042
7.05045,7.11151,0.98057
7.05078,7.11202,0.97811
7.05195,7.11393,0.96413
7.05195,7.11393,0.96413
7.05320,7.11590,0.94851
7.05320,7.11590,0.94851
7.05432,7.11773,0.93124
7.05432,7.11773,0.93124
7.05529,7.11921,0.91323
7.05529,7.11921,0.91323
7.05596,7.12033,0.89436
7.05596,7.12033,0.89436
7.05629,7.12096,0.87711
7.05629,7.12096,0.87711
7.05629,7.12096,0.87711
7.05634,7.12123,0.85663
7.05634,7.12123,0.85663
7.05602,7.12106,0.83941
7.05602,7.12106,0.83941
7.05550,7.12062,0.82466
7.05550,7.12062,0.82466
7.05443,7.11960,0.80409
7.05443,7.11960,0.80409
7.05325,7.11852,0.78847
7.05325,7.11852,0.78847
7.05325,7.11852,0.78847
7.05095,7.11628,0.76004
7.05095,7.11628,0.76004
7.05095,7.11628,0.76004
7.04912,7.11453,0.73448
7.04854,7.11394,0.72455
7.04776,7.11321,0.71089
7.04776,7.11321,0.71089
7.04684,7.11242,0.69093
7.04663,7.11225,0.68604
7.04548,7.11131,0.65697
7.04548,7.11131,0.65697
7.04446,7.11052,0.62465
7.04446,7.11052,0.62465
7.04355,7.10984,0.59115
7.04345,7.10977,0.58711
7.04229,7.10903,0.53862
7.04219,7.10896,0.53402
7.04205,7.10887,0.52695
7.04101,7.10828,0.47512
7.04101,7.10828,0.47512
7.04010,7.10780,0.42317
7.03955,7.10757,0.38880
7.03955,7.10757,0.38880
7.03886,7.10731,0.32913
7.03874,7.10727,0.31211
7.03874,7.10727,0.31211
7.03854,7.10725,0.25508
7.03854,7.10725,0.25508
7.03874,7.10735,0.19832
7.03874,7.10735,0.19832
7.03938,7.10756,0.13871
7.03938,7.10756,0.13871
7.04056,7.10777,0.07304
7.04056,7.10777,0.07304
7.04185,7.10796,0.01876
7.04185,7.10796,0.01876
7.04377,7.10810,-0.04704
7.04377,7.10810,-0.04704
7.04554,7.10807,-0.09861
7.04554,7.10807,-0.09861
7.04789,7.10792,-0.15860
7.04789,7.10792,-0.15860
7.05066,7.10748,-0.22136
7.05066,7.10748,-0.22136
7.05300,7.10693,-0.26969
7.05300,7.10693,-0.26969
7.05566,7.10611,-0.32060
7.05566,7.10611,-0.32060
7.05867,7.10497,-0.37403
7.05867,7.10497,-0.37403
7.06273,7.10303,-0.44111
7.06291,7.10293,-0.44390
7.06291,7.10293,-0.44390
7.06862,7.09956,-0.53020
7.06862,7.09956,-0.53020
7.06978,7.09878,-0.54686
7.07336,7.09622,-0.59678
7.07336,7.09622,-0.59678
7.07541,7.09464,-0.62442
7.08009,7.09080,-0.68562
7.08009,7.09080,-0.68562
7.08477,7.08671,-0.74481
7.08477,7.08671,-0.74481
7.09012,7.08176,-0.81038
7.09036,7.08153,-0.81325
7.09036,7.08153,-0.81325
7.09522,7.07681,-0.87083
7.10001,7.07199,-0.92589
7.10001,7.07199,-0.92589
7.10001,7.07199,-0.92589
7.10790,7.06369,-1.01333
7.10790,7.06369,-1.01333
7.10790,7.06369,-1.01333
7.11435,7.05651,-1.08245
7.11435,7.05651,-1.08245
7.12047,7.04892,-1.15169
7.12047,7.04892,-1.15169
7.12560,7.04196,-1.21229
7.12698,7.03992,-1.22967
7.13105,7.03366,-1.28168
7.13126,7.03331,-1.28458
7.13126,7.03331,-1.28458
7.13517,7.02649,-1.33968
7.13517,7.02649,-1.33968
7.13924,7.01834,-1.40358
7.13924,7.01834,-1.40358
7.14380,7.00758,-1.48352
7.14380,7.00758,-1.48352
7.14380,7.00758,-1.48352
7.14706,6.99876,-1.54397
7.14706,6.99876,-1.54397
7.14966,6.99011,-1.60182
7.14966,6.99011,-1.60182
7.15139,6.98294,-1.64884
7.15139,6.98294,-1.64884
7.15317,6.97302,-1.71271
7.15317,6.97302,-1.71271
7.15430,6.96329,-1.77400
7.15430,6.96329,-1.77400
7.15479,6.95515,-1.82425
7.15479,6.95515,-1.82425
7.15486,6.94361,-1.89379
7.15486,6.94361,-1.89379
7.15486,6.94361,-1.89379
7.15436,6.93261,-1.95450
7.15436,6.93261,-1.95450
7.15347,6.92307,-2.00251
7.15326,6.92127,-2.01087
7.15326,6.92127,-2.01087
7.15139,6.90885,-2.06310
7.15098,6.90666,-2.07120
7.15098,6.90666,-2.07120
7.15098,6.90666,-2.07120
7.14822,6.89417,-2.11127
7.14822,6.89417,-2.11127
7.14533,6.88365,-2.13695
7.14482,6.88197,-2.14062
7.14482,6.88197,-2.14062
7.14105,6.87063,-2.16283
7.14105,6.87063,-2.16283
7.13887,6.86482,-2.17129
7.13620,6.85828,-2.17782
7.13620,6.85828,-2.17782
7.13221,6.84944,-2.18145
7.13202,6.84905,-2.18147
7.12828,6.84166,-2.18152
7.12828,6.84166,-2.18152
7.12828,6.84166,-2.18152
7.12212,6.83117,-2.18186
7.12212,6.83117,-2.18186
7.11761,6.82449,-2.18216
7.11761,6.82449,-2.18216
7.11761,6.82449,-2.18216
7.11140,6.81543,-2.18219
7.11140,6.81543,-2.18219
7.10775,6.81016,-2.18211
7.10604,6.80761,-2.18207
7.10604,6.80761,-2.18207
7.10269,6.80273,-2.18198
7.10269,6.80273,-2.18198
7.09940,6.79787,-2.18190
7.09873,6.79688,-2.18188
7.09596,6.79285,-2.18181
7.09580,6.79262,-2.18181
7.09282,6.78820,-2.18173
7.09209,6.78715,-2.18171
7.08965,6.78351,-2.18164
7.08965,6.78351,-2.18164
7.08700,6.77962,-2.18154
7.08700,6.77962,-2.18154
7.08497,6.77657,-2.18120
7.08497,6.77657,-2.18120
7.08286,6.77349,-2.18028
7.08286,6.77349,-2.18028
7.08098,6.77072,-2.17814
7.08098,6.77072,-2.17814
7.07999,6.76929,-2.17652
7.07834,6.76689,-2.17143
7.07834,6.76689,-2.17143
7.07698,6.76486,-2.16399
7.07698,6.76486,-2.16399
7.07575,6.76301,-2.15329
7.07575,6.76301,-2.15329
7.07481,6.76156,-2.14078
7.07481,6.76156,-2.14078
7.07382,6.75999,-2.12028
7.07382,6.75999,-2.12028
7.07382,6.75999,-2.12028
7.07299,6.75861,-2.09131
7.07299,6.75861,-2.09131
7.07207,6.75717,-2.05972
7.07207,6.75717,-2.05972
7.07123,6.75583,-2.03829
7.07123,6.75583,-2.03829
7.07010,6.75397,-2.01513
7.07010,6.75397,-2.01513
7.06961,6.75311,-2.00612
7.06877,6.75153,-1.99168
7.06877,6.75153,-1.99168
7.06776,6.74943,-1.97468
7.06671,6.74701,-1.95479
7.06650,6.74648,-1.95032
7.06644,6.74635,-1.94918
7.06546,6.74383,-1.92437
7.06546,6.74383,-1.92437
7.06442,6.74090,-1.88982
7.06442,6.74090,-1.88982
7.06442,6.74090,-1.88982
7.06349,6.73792,-1.84814
7.06349,6.73792,-1.84814
7.06251,6.73439,-1.78895
7.06245,6.73417,-1.78477
7.06245,6.73417,-1.78477
7.06245,6.73417,-1.78477
7.06180,6.73083,-1.72355
7.06150,6.72841,-1.68630
7.06150,6.72841,-1.68630
7.06121,6.72534,-1.64163
7.06121,6.72534,-1.64163
7.06121,6.72534,-1.64163
7.06100,6.72107,-1.57502
7.06100,6.72107,-1.57502
7.06111,6.71745,-1.51879
7.06111,6.71745,-1.51879
7.06143,6.71399,-1.47032
7.06143,6.71399,-1.47032
7.06201,6.70980,-1.41690
7.06201,6.70980,-1.41690
7.06208,6.70938,-1.41184
7.06287,6.70521,-1.36393
7.06385,6.70095,-1.31896
7.06385,6.70095,-1.31896
7.06522,6.69592,-1.26903
7.06522,6.69592,-1.26903
7.06522,6.69592,-1.26903
7.06744,6.68889,-1.20402
7.06744,6.68889,-1.20402
7.06744,6.68889,-1.20402
7.07054,6.68050,-1.13053
7.07054,6.68050,-1.13053
7.07334,6.67377,-1.07380
7.07334,6.67377,-1.07380
7.07593,6.66817,-1.02649
7.07593,6.66817,-1.02649
7.07972,6.66053,-0.96336
7.07972,6.66053,-0.96336
7.08304,6.65447,-0.91338
7.08304,6.65447,-0.91338
7.08490,6.65128,-0.88966
7.08827,6.64591,-0.84209
7.08929,6.64432,-0.83154
7.09208,6.64025,-0.79453
7.09208,6.64025,-0.79453
7.09689,6.63378,-0.73892
7.09689,6.63378,-0.73892
7.10288,6.62663,-0.67513
7.10288,6.62663,-0.67513
7.10856,6.62062,-0.61918
7.10856,6.62062,-0.61918
7.10856,6.62062,-0.61918
7.11378,6.61570,-0.57092
7.11650,6.61333,-0.54670
7.12284,6.60826,-0.49269
7.12350,6.60777,-0.48728
7.12350,6.60777,-0.48728
7.13487,6.60009,-0.39764
7.13487,6.60009,-0.39764
7.14266,6.59562,-0.34039
7.14266,6.59562,-0.34039
7.14927,6.59223,-0.29401
7.14927,6.59223,-0.29401
7.15615,6.58905,-0.24760
7.15615,6.58905,-0.24760
7.16460,6.58557,-0.19305
7.16590,6.58507,-0.18487
7.17343,6.58238,-0.13858
7.17343,6.58238,-0.13858
7.17936,6.58046,-0.10598
7.18216,6.57962,-0.08699
7.19318,6.57662,-0.02482
7.19318,6.57662,-0.02482
7.20266,6.57443,0.02623
7.20266,6.57443,0.02623
7.21405,6.57221,0.08478
7.21405,6.57221,0.08478
7.22411,6.57060,0.13231
7.22411,6.57060,0.13231
7.22838,6.57002,0.14862
7.23859,6.56885,0.19130
7.23859,6.56885,0.19130
7.24183,6.56854,0.20298
7.25540,6.56762,0.24604
7.26088,6.56740,0.26079
7.26803,6.56725,0.27784
7.26803,6.56725,0.27784
7.27852,6.56730,0.29887
7.27852,6.56730,0.29887
7.28943,6.56777,0.31889
7.28943,6.56777,0.31889
7.30176,6.56886,0.34023
7.30228,6.56893,0.34116
7.30228,6.56893,0.34116
7.31423,6.57064,0.36293
7.32282,6.57228,0.37944
7.32282,6.57228,0.37944
7.32282,6.57228,0.37944
7.32282,6.57228,0.37944
7.34223,6.57740,0.41968
7.34223,6.57740,0.41968
7.34411,6.57801,0.42381
7.35288,6.58112,0.44347
7.35288,6.58112,0.44347
7.36267,6.58505,0.46443
7.36267,6.58505,0.46443
7.36267,6.58505,0.46443
7.37370,6.58992,0.48373
7.37370,6.58992,0.48373
7.38323,6.59430,0.50045
7.38323,6.59430,0.50045
7.39180,6.59841,0.51668
7.39180,6.59841,0.51668
7.39393,6.59944,0.52090
7.40178,6.60339,0.53711
7.40178,6.60339,0.53711
7.40468,6.60486,0.54275
7.40964,6.60749,0.55471
7.40964,6.60749,0.55471
7.41654,6.61124,0.57161
7.41654,6.61124,0.57161
7.41654,6.61124,0.57161
7.42475,6.61597,0.59415
7.42475,6.61597,0.59415
7.42687,6.61726,0.60048
7.43018,6.61931,0.61104
7.43101,6.61983,0.61385
7.43458,6.62217,0.62652
7.43458,6.62217,0.62652
7.43792,6.62446,0.63991
7.43792,6.62446,0.63991
7.43792,6.62446,0.63991
7.44318,6.62842,0.66521
7.44331,6.62852,0.66591
7.44559,6.63035,0.67926
7.44559,6.63035,0.67926
7.44761,6.63204,0.69331
7.44771,6.63212,0.69401
7.44933,6.63352,0.70737
7.44933,6.63352,0.70737
7.45054,6.63459,0.71931
7.45054,6.63459,0.71931
7.45091,6.63493,0.72352
7.45216,6.63612,0.74179
7.45232,6.63626,0.74460
7.45232,6.63626,0.74460
7.45291,6.63691,0.76146
7.45293,6.63693,0.76217
7.45312,6.63719,0.77610
7.45312,6.63720,0.77680
7.45301,6.63715,0.79083
7.45301,6.63715,0.79083
7.45301,6.63715,0.79083
7.45231,6.63657,0.81112
7.45231,6.63657,0.81112
7.45231,6.63657,0.81112
7.45104,6.63537,0.83148
7.45099,6.63532,0.83218
7.44954,6.63384,0.84905
7.44947,6.63376,0.84976
7.44947,6.63376,0.84976
7.44766,6.63180,0.86664
7.44766,6.63180,0.86664
7.44580,6.62970,0.88145
7.44580,6.62970,0.88145
7.44376,6.62738,0.89556
7.44269,6.62608,0.90262
7.44269,6.62608,0.90262
7.43999,6.62280,0.91880
7.43986,6.62265,0.91951
7.43986,6.62265,0.91951
7.43665,6.61854,0.93714
7.43665,6.61854,0.93714
7.43429,6.61545,0.94913
7.43429,6.61545,0.94913
7.43103,6.61108,0.96463
7.43103,6.61108,0.96463
7.42730,6.60582,0.98088
7.42730,6.60582,0.98159
7.42384,6.60081,0.99638
7.42384,6.60081,0.99638
7.42021,6.59541,1.01121
7.42004,6.59514,1.01191
7.41686,6.59017,1.02463
7.41686,6.59017,1.02463
7.41427,6.58611,1.03451
7.41279,6.58371,1.04018
7.41279,6.58371,1.04018
7.40920,6.57777,1.05358
7.40920,6.57777,1.05358
7.40437,6.56945,1.07124
7.40437,6.56945,1.07124
7.40017,6.56202,1.08609
7.40017,6.56202,1.08609
7.39958,6.56092,1.08821
7.39532,6.55302,1.10303
7.39165,6.54590,1.11575
7.39165,6.54590,1.11575
7.38791,6.53849,1.12845
7.38791,6.53849,1.12845
7.38315,6.52854,1.14459
7.38315,6.52854,1.14459
7.37960,6.52086,1.15582
7.37960,6.52086,1.15582
7.37587,6.51253,1.16703
7.37587,6.51253,1.16703
7.37187,6.50300,1.17944
7.37187,6.50300,1.17944
7.37187,6.50300,1.17944
7.36728,6.49174,1.18936
7.36728,6.49174,1.18936
7.36565,6.48764,1.19111
7.36436,6.48444,1.19279
7.35909,6.47119,1.19848
7.35909,6.47119,1.19848
7.35500,6.46078,1.20268
7.35500,6.46078,1.20268
7.35500,6.46078,1.20268
7.34986,6.44742,1.20652
7.34986,6.44742,1.20652
7.34487,6.43435,1.20460
7.34487,6.43435,1.20460
7.34102,6.42437,1.19857
7.34102,6.42437,1.19857
7.33749,6.41538,1.19087
7.33749,6.41538,1.19087
7.33237,6.40279,1.17324
7.32704,6.39035,1.14907
7.32704,6.39035,1.14907
7.32704,6.39035,1.14907
7.32282,6.38115,1.12623
7.32282,6.38115,1.12623
7.31868,6.37254,1.10068
7.31868,6.37254,1.10068
7.31255,6.36074,1.06096
7.31255,6.36074,1.06096
7.31255,6.36074,1.06096
7.30639,6.34994,1.02209
7.30639,6.34994,1.02209
7.30148,6.34184,0.99100
7.30148,6.34184,0.99100
7.29533,6.33242,0.95356
7.29055,6.32549,0.92456
7.29055,6.32549,0.92456
7.28545,6.31849,0.89399
7.28545,6.31849,0.89399
7.27890,6.31003,0.85452
7.27833,6.30932,0.85110
7.27833,6.30932,0.85110
7.27213,6.30177,0.81286
7.27213,6.30177,0.81286
7.26678,6.29565,0.77964
7.26678,6.29565,0.77964
7.26678,6.29565,0.77964
7.25788,6.28614,0.72229
7.25788,6.28614,0.72229
7.25788,6.28614,0.72229
7.25087,6.27913,0.67133
7.25087,6.27913,0.67133
7.24552,6.27419,0.63229
7.24279,6.27189,0.61328
7.23932,6.26904,0.58883
7.23932,6.26904,0.58883
7.23459,6.26536,0.55644
7.23459,6.26536,0.55644
7.22952,6.26161,0.52067
7.22952,6.26161,0.52067
7.22419,6.25790,0.48128
7.22419,6.25790,0.48128
7.21946,6.25472,0.44355
7.21946,6.25472,0.44355
7.21498,6.25193,0.40589
7.21498,6.25193,0.40589
7.21033,6.24918,0.36283
7.21033,6.24918,0.36283
7.20853,6.24815,0.34498
7.20701,6.24728,0.32902
7.20393,6.24561,0.29517
7.20377,6.24553,0.29340
7.20121,6.24413,0.26176
7.20121,6.24413,0.26176
7.20121,6.24413,0.26176
7.19766,6.24228,0.21060
7.19766,6.24228,0.21060
7.19568,6.24127,0.17518
7.19568,6.24127,0.17518
7.19406,6.24043,0.13842
7.19406,6.24043,0.13842
7.19406,6.24043,0.13842
7.19269,6.23974,0.09454
7.19269,6.23974,0.09454
7.19195,6.23936,0.04744
7.19195,6.23936,0.04744
7.19189,6.23931,0.03373
7.19196,6.23933,0.00432
7.19196,6.23933,0.00432
7.19271,6.23945,-0.04622
7.19291,6.23947,-0.05497
7.19296,6.23948,-0.05672
7.19296,6.23948,-0.05672
7.19452,6.23950,-0.10797
7.19452,6.23950,-0.10797
7.19581,6.23945,-0.13983
7.19581,6.23945,-0.13983
7.19821,6.23918,-0.18763
7.19821,6.23918,-0.18763
7.19821,6.23918,-0.18763
7.20044,6.23878,-0.22470
7.20044,6.23878,-0.22470
7.20259,6.23829,-0.25628
7.20259,6.23829,-0.25628
7.20581,6.23738,-0.29800
7.20581,6.23738,-0.29800
7.20895,6.23631,-0.33399
7.20895,6.23631,-0.33399
7.21253,6.23488,-0.37128
7.21253,6.23488,-0.37128
7.21253,6.23488,-0.37128
7.21792,6.23239,-0.42183
7.21945,6.23162,-0.43533
7.21945,6.23162,-0.43533
7.22323,6.22958,-0.46753
7.22323,6.22958,-0.46753
7.22742,6.22709,-0.50219
7.22742,6.22709,-0.50219
7.22742,6.22709,-0.50219
7.23316,6.22332,-0.54860
7.23316,6.22332,-0.54860
7.23853,6.21945,-0.59076
7.23853,6.21945,-0.59076
7.24290,6.21608,-0.62449
7.24389,6.21528,-0.63207
7.24872,6.21131,-0.66847
7.24872,6.21131,-0.66847
7.25452,6.20628,-0.71140
7.25452,6.20628,-0.71140
7.26027,6.20104,-0.75310
7.26027,6.20104,-0.75310
7.26508,6.19650,-0.78732
7.26623,6.19539,-0.79543
7.26623,6.19539,-0.79543
7.27210,6.18962,-0.83627
7.27755,6.18410,-0.87340
7.27786,6.18379,-0.87547
7.28347,6.17795,-0.91294
7.28347,6.17795,-0.91294
7.29183,6.16898,-0.96740
7.29249,6.16827,-0.97158
7.29249,6.16827,-0.97158
7.30009,6.15979,-1.01907
7.30009,6.15979,-1.01907
7.30604,6.15285,-1.05422
7.30604,6.15285,-1.05422
7.31199,6.14565,-1.08790
7.31199,6.14565,-1.08790
7.31986,6.13564,-1.13126
7.31986,6.13564,-1.13126
7.31986,6.13564,-1.13126
7.32821,6.12393,-1.17873
7.32821,6.12393,-1.17873
7.33505,6.11356,-1.21453
7.33505,6.11356,-1.21453
7.34193,6.10233,-1.24716
7.34193,6.10233,-1.24716
7.34193,6.10233,-1.24716
7.34937,6.08920,-1.27836
7.34937,6.08920,-1.27836
7.35439,6.07965,-1.29750
7.35464,6.07914,-1.29851
7.35565,6.07710,-1.30256
7.36045,6.06674,-1.32346
7.36045,6.06674,-1.32346
7.36584,6.05396,-1.35087
7.36584,6.05396,-1.35087
7.36933,6.04469,-1.37053
7.36933,6.04469,-1.37053
7.37403,6.03126,-1.39527
7.37535,6.02727,-1.40179
7.37535,6.02727,-1.40179
7.37535,6.02727,-1.40179
7.38024,6.01153,-1.42332
7.38059,6.01034,-1.42553
7.38416,5.99771,-1.43955
7.38416,5.99771,-1.43955
7.38769,5.98413,-1.45148
7.38769,5.98413,-1.45148
7.39063,5.97150,-1.46013
7.39063,5.97150,-1.46055
7.39306,5.95990,-1.46747
7.39306,5.95990,-1.46747
7.39575,5.94542,-1.47411
7.39575,5.94542,-1.47411
7.39796,5.93197,-1.47841
7.39796,5.93197,-1.47841
7.40002,5.91822,-1.48213
7.40002,5.91822,-1.48213
7.40175,5.90559,-1.48670
7.40175,5.90559,-1.48670
7.40358,5.89055,-1.49263
7.40358,5.89055,-1.49263
7.40515,5.87593,-1.49844
7.40566,5.87074,-1.50046
7.40566,5.87074,-1.50046
7.40725,5.85268,-1.50738
7.40725,5.85268,-1.50738
7.40822,5.83963,-1.51234
7.40822,5.83963,-1.51234
7.40925,5.82322,-1.51850
7.40925,5.82322,-1.51850
7.40995,5.80971,-1.52352
7.40995,5.80971,-1.52352
7.41075,5.79134,-1.53042
7.41075,5.79134,-1.53042
7.41159,5.76818,-1.53924
7.41162,5.76739,-1.53955
7.41162,5.76739,-1.53955
7.41205,5.75221,-1.54541
7.41205,5.75221,-1.54541
7.41245,5.73384,-1.55273
7.41249,5.73144,-1.55369
7.41269,5.71786,-1.55909
7.41269,5.71786,-1.55909
7.41283,5.70268,-1.56498
7.41283,5.70268,-1.56498
7.41287,5.68750,-1.57172
7.41287,5.68750,-1.57172
7.41277,5.66917,-1.58127
7.41277,5.66917,-1.58127
7.41268,5.66284,-1.58418
7.41268,5.66284,-1.58459
7.41268,5.66284,-1.58459
7.41207,5.63500,-1.60200
7.41207,5.63500,-1.60200
7.41136,5.61394,-1.61264
7.41136,5.61394,-1.61264
7.41131,5.61237,-1.61291
7.41052,5.59259,-1.61792
7.41052,5.59259,-1.61792
7.41015,5.58461,-1.61862
7.40942,5.56942,-1.61935
7.40942,5.56942,-1.61935
7.40860,5.55264,-1.61992
7.40860,5.55264,-1.61992
7.40785,5.53745,-1.62036
7.40785,5.53745,-1.62036
7.40765,5.53345,-1.62048
7.40673,5.51507,-1.62102
7.40673,5.51507,-1.62102
7.40596,5.49988,-1.62149
7.40596,5.49988,-1.62149
7.40495,5.47991,-1.62174
7.40495,5.47991,-1.62174
7.40419,5.46475,-1.61990
7.40419,5.46475,-1.61990
7.40331,5.44640,-1.61755
7.40323,5.44480,-1.61734
7.40323,5.44480,-1.61734
7.40223,5.42246,-1.61438
7.40223,5.42246,-1.61438
7.40168,5.40969,-1.61268
7.40151,5.40570,-1.61215
7.40151,5.40570,-1.61215
7.40087,5.38975,-1.61000
7.40032,5.37538,-1.60805
7.40032,5.37538,-1.60805
7.39980,5.36102,-1.60607
7.39963,5.35623,-1.60541
7.39963,5.35623,-1.60541
7.39915,5.34186,-1.60336
7.39872,5.32829,-1.60138
7.39862,5.32510,-1.60092
7.39855,5.32271,-1.60055
7.39812,5.30755,-1.59809
7.39812,5.30755,-1.59809
7.39770,5.29159,-1.59540
7.39770,5.29159,-1.59540
7.39730,5.27404,-1.59226
7.39730,5.27404,-1.59226
7.39693,5.25568,-1.58972
7.39691,5.25488,-1.58962
7.39682,5.25009,-1.58900
7.39656,5.23491,-1.58709
7.39656,5.23491,-1.58709
7.39627,5.21574,-1.58473
7.39627,5.21574,-1.58473
7.39606,5.19897,-1.58266
7.39604,5.19737,-1.58247
7.39604,5.19737,-1.58247
7.39581,5.17581,-1.57976
7.39581,5.17581,-1.57976
7.39581,5.17581,-1.57976
7.39568,5.15824,-1.57752
7.39558,5.14146,-1.57533
7.39558,5.14146,-1.57533
7.39558,5.14146,-1.57533
7.39551,5.11831,-1.57206
7.39551,5.11831,-1.57206
7.39551,5.11831,-1.57206
7.39551,5.10234,-1.56966
7.39551,5.10234,-1.56966
7.39555,5.08557,-1.56704
7.39555,5.08557,-1.56704
7.39566,5.06562,-1.56365
7.39566,5.06562,-1.56365
7.39575,5.05445,-1.56209
7.39585,5.04325,-1.56166
7.39585,5.04325,-1.56166
7.39603,5.02406,-1.56098
7.39605,5.02246,-1.56093
7.39605,5.02246,-1.56093
7.39620,5.00726,-1.56043
7.39638,4.99047,-1.55991
7.39639,4.98967,-1.55986
7.39639,4.98967,-1.55986
7.39659,4.97208,-1.55928
7.39659,4.97208,-1.55928
7.39680,4.95368,-1.55867
7.39680,4.95368,-1.55867
7.39702,4.93609,-1.55807
7.39702,4.93609,-1.55807
7.39724,4.91930,-1.55748
7.39726,4.91770,-1.55742
7.39726,4.91770,-1.55742
7.39750,4.90010,-1.55676
7.39750,4.90010,-1.55676
7.39772,4.88491,-1.55615
7.39772,4.88491,-1.55615
7.39805,4.86332,-1.55579
7.39805,4.86332,-1.55579
7.39824,4.85051,-1.55612
7.39833,4.84411,-1.55629
7.39833,4.84411,-1.55629
7.39860,4.82491,-1.55686
7.39860,4.82491,-1.55686
7.39882,4.80891,-1.55734
7.39882,4.80891,-1.55734
7.39905,4.79210,-1.55784
7.39907,4.79050,-1.55789
7.39926,4.77530,-1.55835
7.39926,4.77530,-1.55835
7.39926,4.77530,-1.55835
7.39950,4.75530,-1.55898
7.39950,4.75530,-1.55898
7.39968,4.74009,-1.55947
7.39968,4.74009,-1.55947
7.39991,4.71929,-1.56017
7.39992,4.71849,-1.56019
7.39996,4.71449,-1.56033
7.40011,4.70008,-1.56086
7.40014,4.69688,-1.56098
7.40027,4.68328,-1.56151
7.40027,4.68328,-1.56151
7.40042,4.66647,-1.56224
7.40042,4.66647,-1.56224
7.40056,4.64966,-1.56294
7.40056,4.64966,-1.56294
7.40057,4.64806,-1.56300
7.40070,4.63126,-1.56367
7.40082,4.61365,-1.56437
7.40082,4.61285,-1.56440
7.40082,4.61285,-1.56440
7.40092,4.59685,-1.56504
7.40094,4.59365,-1.56517
7.40103,4.57604,-1.56588
7.40103,4.57524,-1.56591
7.40110,4.56003,-1.56654
7.40111,4.55843,-1.56660
7.40111,4.55843,-1.56660
7.40119,4.53682,-1.56753
7.40119,4.53682,-1.56753
7.40124,4.52082,-1.56825
7.40124,4.52082,-1.56825
7.40128,4.50401,-1.56905
7.40128,4.50401,-1.56905
7.40130,4.49041,-1.56975
7.40130,4.48560,-1.57002
7.40130,4.48560,-1.57002
7.40131,4.46480,-1.57095
7.40131,4.46480,-1.57095
7.40130,4.44399,-1.57137
7.40130,4.44399,-1.57137
7.40130,4.44399,-1.57137
7.40128,4.42559,-1.57171
7.40128,4.42559,-1.57171
7.40128,4.41598,-1.57188
7.40126,4.40398,-1.57210
7.40126,4.40398,-1.57210
7.40124,4.38718,-1.57243
7.40124,4.38718,-1.57243
7.40121,4.37197,-1.57274
7.40121,4.37197,-1.57274
7.40118,4.35677,-1.57304
7.40116,4.34877,-1.57321
7.40116,4.34877,-1.57321
7.40114,4.33997,-1.57339
7.40110,4.32476,-1.57372
7.40110,4.32476,-1.57372
7.40104,4.30556,-1.57415
7.40104,4.30556,-1.57415
7.40099,4.29115,-1.57450
7.40099,4.29115,-1.57450
7.40094,4.27755,-1.57484
7.40088,4.26314,-1.57522
7.40088,4.26314,-1.57522
7.40088,4.26314,-1.57522
7.40079,4.24474,-1.57529
7.40073,4.23114,-1.57523
7.40073,4.23114,-1.57523
7.40067,4.21674,-1.57517
7.40065,4.21354,-1.57515
7.40065,4.21354,-1.57515
7.40057,4.19434,-1.57506
7.40057,4.19434,-1.57506
7.40057,4.19434,-1.57506
7.40049,4.17354,-1.57497
7.40049,4.17354,-1.57497
7.40041,4.15594,-1.57488
7.40039,4.14954,-1.57485
7.40034,4.13914,-1.57480
7.40034,4.13914,-1.57480
7.40034,4.13914,-1.57480
7.40026,4.11834,-1.57469
7.40026,4.11834,-1.57469
7.40020,4.10154,-1.57459
7.40020,4.10154,-1.57459
7.40012,4.07914,-1.57446
7.40012,4.07914,-1.57446
7.40005,4.06154,-1.57429
7.40005,4.06154,-1.57429
7.40002,4.05274,-1.57417
7.40002,4.05274,-1.57417
7.39998,4.03834,-1.57399
7.39993,4.02394,-1.57381
7.39993,4.02394,-1.57381
7.39991,4.01834,-1.57374
7.39988,4.00554,-1.57358
7.39984,3.99194,-1.57340
7.39983,3.98634,-1.57333
7.39983,3.98634,-1.57333
7.39979,3.97114,-1.57313
7.39979,3.97114,-1.57313
7.39975,3.95274,-1.57289
7.39975,3.95274,-1.57289
7.39972,3.93834,-1.57270
7.39972,3.93834,-1.57270
7.39969,3.91914,-1.57242
7.39969,3.91914,-1.57242
7.39969,3.91914,-1.57242
7.39965,3.89115,-1.57198
7.39965,3.88955,-1.57195
7.39965,3.88955,-1.57195
7.39963,3.87515,-1.57179
7.39963,3.87515,-1.57179
7.39962,3.85995,-1.57165
7.39961,3.85515,-1.57161
7.39960,3.84235,-1.57150
7.39960,3.83675,-1.57145
7.39959,3.82315,-1.57133
7.39959,3.82235,-1.57132
7.39959,3.82235,-1.57132
7.39958,3.80315,-1.57116
7.39958,3.80315,-1.57116
7.39958,3.78795,-1.57102
7.39958,3.78795,-1.57102
7.39958,3.78635,-1.57101
7.39958,3.78635,-1.57101
7.39958,3.77515,-1.57091
7.39958,3.74875,-1.57067
7.39958,3.74875,-1.57067
7.39958,3.73115,-1.57051
7.39958,3.73115,-1.57051
7.39959,3.71355,-1.57035
7.39959,3.71355,-1.57035
7.39960,3.69595,-1.57019
7.39960,3.69515,-1.57018
7.39960,3.69515,-1.57018
7.39962,3.67435,-1.56994
7.39962,3.67435,-1.56994
7.39962,3.66475,-1.56987
7.39964,3.64795,-1.56982
7.39964,3.64635,-1.56981
7.39964,3.64635,-1.56981
7.39966,3.62315,-1.56975
7.39966,3.62315,-1.56975
7.39967,3.61755,-1.56974
7.39969,3.60395,-1.56970
7.39969,3.60395,-1.56970
7.39971,3.58395,-1.56966
7.39971,3.58395,-1.56966
7.39972,3.56955,-1.56962
7.39973,3.56555,-1.56961
7.39973,3.56555,-1.56961
7.39975,3.54795,-1.56957
7.39975,3.54795,-1.56957
7.39977,3.53354,-1.56954
7.39977,3.53354,-1.56954
7.39979,3.51834,-1.56950
7.39980,3.50954,-1.56948
7.39980,3.50954,-1.56948
7.39980,3.50954,-1.56948
7.39983,3.48714,-1.56943
7.39985,3.47274,-1.56939
7.39986,3.46794,-1.56938
7.39986,3.46794,-1.56938
7.39988,3.45034,-1.56938
7.39988,3.45034,-1.56938
7.39991,3.43194,-1.56943
7.39991,3.43194,-1.56943
7.39993,3.41754,-1.56948
7.39993,3.41754,-1.56948
7.39995,3.40154,-1.56953
7.39995,3.40074,-1.56954
7.39997,3.38314,-1.56960
7.39997,3.38234,-1.56960
7.39997,3.38234,-1.56960
7.39999,3.36634,-1.56966
7.40001,3.35113,-1.56971
7.40001,3.34793,-1.56972
7.40003,3.33433,-1.56978
7.40003,3.33033,-1.56979
7.40003,3.33033,-1.56979
7.40005,3.31593,-1.56985
7.40005,3.31593,-1.56985
7.40006,3.29673,-1.56994
7.40006,3.29673,-1.56994
7.40008,3.28233,-1.57000
7.40008,3.28233,-1.57000
7.40009,3.26793,-1.57007
7.40009,3.26793,-1.57007
7.40010,3.24552,-1.57015
7.40010,3.24552,-1.57015
7.40010,3.24552,-1.57015
7.40011,3.22712,-1.57022
7.40011,3.22712,-1.57022
7.40012,3.21272,-1.57027
7.40013,3.19912,-1.57032
7.40013,3.19832,-1.57032
7.40013,3.19272,-1.57034
7.40014,3.18232,-1.57038
7.40014,3.16712,-1.57044
7.39942,2.50064,-1.57355
7.39942,2.50064,-1.57355
7.39942,2.50064,-1.57355
7.39938,2.48864,-1.57361
7.39934,2.47344,-1.57369
7.39926,2.46234,-1.57378
7.39926,2.46234,-1.57378
7.39917,2.45144,-1.57441
7.39917,2.45144,-1.57441
7.39896,2.43022,-1.57735
7.39889,2.42430,-1.57857
7.39889,2.42430,-1.57857
7.39866,2.41053,-1.58193
7.39866,2.41053,-1.58193
7.39837,2.39575,-1.58661
7.39837,2.39575,-1.58661
7.39818,2.38820,-1.58912
7.39795,2.38078,-1.59234
7.39776,2.37413,-1.59537
7.39758,2.36890,-1.59788
7.39707,2.35675,-1.60424
7.39707,2.35675,-1.60424
7.39649,2.34437,-1.61183
7.39649,2.34437,-1.61183
7.39566,2.32950,-1.62240
7.39566,2.32950,-1.62240
7.39494,2.31922,-1.63060
7.39494,2.31922,-1.63060
7.39421,2.30927,-1.63952
7.39421,2.30927,-1.63952
7.39327,2.29864,-1.64994
7.39289,2.29451,-1.65437
7.39227,2.28844,-1.66108
7.39227,2.28844,-1.66108
7.39116,2.27818,-1.67351
7.39070,2.27440,-1.67839
7.39070,2.27440,-1.67839
7.38970,2.26659,-1.68909
7.38886,2.26038,-1.69760
7.38834,2.25694,-1.70357
7.38758,2.25189,-1.71177
7.38758,2.25189,-1.71177
7.38627,2.24381,-1.72584
7.38627,2.24381,-1.72584
7.38416,2.23212,-1.74865
7.38416,2.23212,-1.74865
7.38416,2.23212,-1.74865
7.38416,2.23212,-1.74865
7.38170,2.22012,-1.77564
7.38170,2.22012,-1.77564
7.38043,2.21444,-1.78996
7.38036,2.21413,-1.79076
7.37894,2.20823,-1.80696
7.37894,2.20823,-1.80696
7.37894,2.20823,-1.80696
7.37741,2.20220,-1.82506
7.37658,2.19912,-1.83501
7.37658,2.19912,-1.83501
7.37604,2.19714,-1.84166
7.37499,2.19338,-1.85500
7.37374,2.18903,-1.87177
7.37374,2.18903,-1.87177
7.37269,2.18544,-1.88708
7.37269,2.18544,-1.88708
7.37224,2.18394,-1.89397
7.37138,2.18114,-1.90699
7.37138,2.18114,-1.90786
7.37013,2.17725,-1.93004
7.37013,2.17725,-1.93004
7.36910,2.17407,-1.95195
7.36910,2.17407,-1.95195
7.36910,2.17407,-1.95195
7.36807,2.17085,-1.98042
7.36807,2.17085,-1.98042
7.36757,2.16924,-1.99920
7.36757,2.16924,-1.99920
7.36757,2.16924,-1.99920
7.36720,2.16766,-2.02373
7.36720,2.16766,-2.02373
7.36710,2.16670,-2.04605
7.36713,2.16637,-2.05698
7.36713,2.16637,-2.05698
7.36740,2.16597,-2.08172
7.36740,2.16597,-2.08172
7.36750,2.16593,-2.08746
7.36789,2.16598,-2.10636
7.36858,2.16626,-2.12804
7.36858,2.16626,-2.12804
7.37008,2.16726,-2.16323
7.37008,2.16726,-2.16323
7.37008,2.16726,-2.16323
7.37209,2.16880,-2.19867
7.37227,2.16894,-2.20134
7.37227,2.16894,-2.20134
7.37519,2.17127,-2.24099
7.37519,2.17127,-2.24099
7.37728,2.17293,-2.26477
7.37728,2.17293,-2.26477
7.37992,2.17504,-2.29207
7.38084,2.17576,-2.30074
7.38084,2.17576,-2.30074
7.38470,2.17877,-2.33438
7.38470,2.17877,-2.33438
7.38935,2.18232,-2.36995
7.38935,2.18232,-2.36995
7.39234,2.18458,-2.39103
7.39463,2.18628,-2.40611
7.39463,2.18628,-2.40611
7.40086,2.19084,-2.44393
7.40219,2.19180,-2.45151
7.40219,2.19180,-2.45151
7.40933,2.19688,-2.48945
7.40933,2.19688,-2.48945
7.41558,2.20125,-2.51982
7.41689,2.20216,-2.52589
7.41689,2.20216,-2.52589
7.42487,2.20760,-2.56769
7.42487,2.20760,-2.56769
7.43319,2.21293,-2.61758
7.43319,2.21293,-2.61758
7.43319,2.21293,-2.61758
7.44076,2.21759,-2.67080
7.44076,2.21759,-2.67080
7.45024,2.22260,-2.73715
7.45024,2.22260,-2.73715
7.45629,2.22535,-2.77763
7.45769,2.22596,-2.78677
7.46367,2.22837,-2.82474
7.46541,2.22903,-2.83586
7.46541,2.22903,-2.83586
7.47278,2.23178,-2.88454
7.47278,2.23178,-2.88454
7.47957,2.23409,-2.93111
7.47957,2.23409,-2.93111
7.48600,2.23614,-2.97549
7.48838,2.23685,-2.99543
7.48838,2.23685,-2.99543
7.49541,2.23883,-3.05063
7.49541,2.23883,-3.05063
7.50089,2.24022,-3.09681
7.50089,2.24022,-3.09681
7.50089,2.24022,-3.09681
7.50687,2.24156,3.13111
7.50687,2.24156,3.13111
7.51119,2.24239,3.08717
7.51119,2.24239,3.08717
7.51531,2.24303,3.04323
7.51693,2.24324,3.02144
7.51693,2.24324,3.02144
7.52068,2.24357,2.97129
7.52068,2.24357,2.97129
7.52068,2.24357,2.97129
7.52399,2.24361,2.91946
7.52399,2.24361,2.91946
7.52676,2.24334,2.86610
7.52733,2.24323,2.85329
7.52733,2.24323,2.85329
7.52908,2.24270,2.80691
7.52908,2.24270,2.80691
7.53053,2.24221,2.75397
7.53058,2.24219,2.75185
7.53099,2.24204,2.73078
7.53127,2.24196,2.71391
7.53127,2.24196,2.71391
7.53186,2.24183,2.65909
7.53186,2.24183,2.65909
7.53201,2.24192,2.62112
7.53192,2.24218,2.57842
7.53191,2.24220,2.57628
7.53191,2.24220,2.57628
7.53159,2.24270,2.53530
7.53110,2.24331,2.49809
7.53103,2.24341,2.49372
7.53031,2.24434,2.45411
7.52988,2.24488,2.43412
7.52988,2.24488,2.43412
7.52877,2.24638,2.38990
7.52877,2.24638,2.38990
7.52877,2.24638,2.38990
7.52720,2.24852,2.33888
7.52720,2.24852,2.33888
7.52571,2.25068,2.29684
7.52511,2.25155,2.28120
7.52356,2.25385,2.24304
7.52278,2.25502,2.22499
7.52278,2.25502,2.22499
7.52059,2.25839,2.17740
7.52059,2.25839,2.17740
7.51772,2.26294,2.12042
7.51772,2.26294,2.12042
7.51772,2.26294,2.12042
7.51482,2.26763,2.06783
7.51223,2.27188,2.02433
7.51195,2.27235,2.01975
7.51081,2.27425,2.00157
7.50925,2.27695,1.97688
7.50925,2.27695,1.97688
7.50556,2.28373,1.91868
7.50556,2.28373,1.91868
7.50556,2.28373,1.91868
7.50254,2.28987,1.86960
7.50078,2.29395,1.83826
7.50078,2.29395,1.83826
7.49840,2.29973,1.79581
7.49840,2.29973,1.79581
7.49619,2.30607,1.75099
7.49444,2.31169,1.71291
7.49355,2.31507,1.69040
7.49355,2.31507,1.69040
7.49196,2.32168,1.64773
7.49196,2.32168,1.64773
7.49078,2.32814,1.60717
7.49044,2.33034,1.59368
7.49044,2.33034,1.59368
7.48949,2.33894,1.54174
7.48949,2.33894,1.54174
7.48912,2.34550,1.50331
7.48912,2.34550,1.50331
7.48912,2.35379,1.45562
7.48912,2.35379,1.45562
7.48972,2.36313,1.40317
7.48972,2.36313,1.40317
7.48972,2.36313,1.40317
7.49094,2.37273,1.35053
7.49128,2.37486,1.34136
7.49278,2.38260,1.29775
7.49278,2.38260,1.29775
7.49501,2.39183,1.24949
7.49501,2.39183,1.24949
7.49776,2.40127,1.20121
7.49776,2.40127,1.20121
7.50066,2.40999,1.15753
7.50066,2.40999,1.15753
7.50386,2.41863,1.11738
7.50386,2.41863,1.11738
7.50831,2.42945,1.07169
7.50831,2.42945,1.07169
7.51214,2.43785,1.04093
7.51214,2.43785,1.04093
7.51690,2.44738,1.01139
7.51712,2.44781,1.01021
7.51803,2.44952,1.00674
7.51803,2.44952,1.00674
7.51895,2.45122,1.00123
7.52697,2.46502,0.97327
7.52852,2.46748,0.96970
7.53250,2.47357,0.96288
7.53580,2.47837,0.95964
7.53720,2.48036,0.95886
7.54330,2.48911,0.96120
7.54330,2.48911,0.96120
7.54330,2.48911,0.96120
7.54997,2.49871,0.97160
7.54997,2.49871,0.97160
7.54997,2.49871,0.97160
7.55791,2.51045,0.99590
7.55791,2.51045,0.99590
7.56491,2.52113,1.02827
7.56491,2.52113,1.02827
7.57102,2.53072,1.06434
7.57128,2.53114,1.06600
7.57128,2.53114,1.06600
7.57689,2.54068,1.10335
7.57689,2.54068,1.10335
7.58217,2.55069,1.14106
7.58217,2.55069,1.14106
7.58217,2.55069,1.14106
7.58860,2.56461,1.19112
7.58923,2.56610,1.19632
7.58923,2.56610,1.19632
7.59386,2.57779,1.23625
7.59386,2.57779,1.23625
7.59758,2.58839,1.27108
7.59758,2.58839,1.27108
7.60068,2.59826,1.30247
7.60324,2.60728,1.33062
7.60324,2.60728,1.33062
7.60659,2.62069,1.37107
7.60659,2.62069,1.37107
7.60908,2.63215,1.40440
7.60908,2.63215,1.40440
7.61163,2.64585,1.44287
7.61163,2.64585,1.44287
7.61163,2.64585,1.44287
7.61412,2.66199,1.48632
7.61412,2.66199,1.48632
7.61599,2.67729,1.52463
7.61599,2.67729,1.52463
7.61718,2.68953,1.55225
7.61718,2.68953,1.55225
7.61718,2.68953,1.55225
7.61845,2.70758,1.58887
7.61845,2.70758,1.58887
7.61913,2.72658,1.62424
7.61913,2.72658,1.62424
7.61920,2.74146,1.65078
7.61920,2.74218,1.65198
7.61920,2.74218,1.65198
7.61877,2.75936,1.68019
7.61877,2.75936,1.68019
7.61795,2.77443,1.70420
7.61752,2.78018,1.71323
7.61752,2.78018,1.71323
7.61633,2.79314,1.73306
7.61633,2.79314,1.73306
7.61422,2.81114,1.75993
7.61422,2.81114,1.75993
7.61170,2.82846,1.78447
7.61147,2.82990,1.78645
7.61147,2.82990,1.78645
7.60814,2.84864,1.81219
7.60814,2.84864,1.81219
7.60715,2.85369,1.81896
7.60550,2.86161,1.82947
7.60222,2.87597,1.84854
7.60222,2.87597,1.84854
7.59879,2.88961,1.86607
7.59879,2.88961,1.86607
7.59402,2.90680,1.88761
7.59402,2.90680,1.88761
7.59011,2.91968,1.90323
7.59011,2.91968,1.90323
7.58520,2.93467,1.92107
7.58471,2.93609,1.92277
7.58015,2.94889,1.93792
7.57884,2.95245,1.94201
7.57884,2.95245,1.94201
7.57193,2.97017,1.96247
7.57193,2.97017,1.96247
7.56632,2.98358,1.97778
7.56632,2.98358,1.97778
7.56076,2.99623,1.99219
7.56076,2.99623,1.99219
7.55534,3.00811,2.00557
7.55534,3.00811,2.00557
7.54943,3.02062,2.01969
7.54300,3.03374,2.03449
7.54300,3.03374,2.03449
7.53778,3.04404,2.04513
7.53278,3.05363,2.05612
7.53242,3.05432,2.05685
7.53242,3.05432,2.05685
7.52402,3.06991,2.07447
7.52402,3.06991,2.07447
7.51727,3.08196,2.08883
7.51727,3.08196,2.08883
7.50722,3.09918,2.11001
7.50722,3.09918,2.11001
7.49725,3.11546,2.13038
7.49685,3.11611,2.13214
7.49685,3.11611,2.13214
7.48783,3.13019,2.15142
7.48498,3.13458,2.15755
7.48498,3.13458,2.15755
7.47622,3.14799,2.17713
7.47622,3.14799,2.17713
7.46918,3.15856,2.19321
7.46918,3.15856,2.19321
7.45927,3.17280,2.21229
7.45927,3.17280,2.21229
7.45080,3.18439,2.22341
7.44874,3.18712,2.22547
7.44874,3.18712,2.22547
7.43800,3.20135,2.22877
7.43800,3.20135,2.22877
7.42957,3.21229,2.22512
7.42957,3.21229,2.22512
7.42158,3.22277,2.21646
7.41991,3.22499,2.21421
7.41991,3.22499,2.21421
7.41118,3.23671,2.19751
7.41118,3.23671,2.19751
7.41118,3.23671,2.19751
7.39862,3.25436,2.16392
7.39625,3.25783,2.15628
7.39083,3.26598,2.13708
7.39083,3.26598,2.13708
7.38304,3.27816,2.10370
7.38304,3.27816,2.10370
7.38304,3.27816,2.10370
7.37639,3.28916,2.06948
7.36887,3.30268,2.02720
7.36887,3.30268,2.02720
7.36792,3.30446,2.02197
7.35935,3.32140,1.97514
7.35877,3.32263,1.97179
7.35877,3.32263,1.97179
7.35220,3.33753,1.93132
7.35220,3.33753,1.93132
7.34679,3.35147,1.89371
7.34679,3.35147,1.89371
7.34152,3.36699,1.85246
7.34152,3.36699,1.85246
7.33816,3.37818,1.82331
7.33816,3.37818,1.82331
7.33514,3.38953,1.79403
7.33514,3.38953,1.79403
7.33201,3.40310,1.75939
7.33201,3.40310,1.75939
7.32960,3.41548,1.72800
7.32766,3.42729,1.69878
7.32735,3.42939,1.69370
7.32735,3.42939,1.69370
7.32532,3.44555,1.65545
7.32532,3.44555,1.65545
7.32496,3.44908,1.64733
7.32383,3.46255,1.61679
7.32310,3.47533,1.58792
7.32310,3.47533,1.58792
7.32269,3.48800,1.55815
7.32269,3.48800,1.55815
7.32259,3.49572,1.54138
7.32270,3.50961,1.50560
7.32270,3.50961,1.50560
7.32311,3.52196,1.47350
7.32311,3.52196,1.47350
7.32394,3.53510,1.43951
7.32394,3.53510,1.43951
7.32520,3.54842,1.40546
7.32685,3.56183,1.37273
7.32685,3.56183,1.37273
7.32899,3.57598,1.34076
7.32899,3.57598,1.34076
7.32899,3.57598,1.34076
7.32899,3.57598,1.34076
7.32899,3.57598,1.34076
7.32899,3.57598,1.34076
7.32946,3.57881,1.33470
7.33540,3.60931,1.27492
7.34051,3.63066,1.23894
7.34051,3.63066,1.23894
7.34516,3.64770,1.21378
7.34577,3.64980,1.20921
7.34577,3.64980,1.20921
7.35025,3.66442,1.18505
7.35025,3.66442,1.18505
7.35580,3.68094,1.16201
7.35580,3.68094,1.16201
7.36054,3.69398,1.14719
7.36054,3.69398,1.14719
7.36530,3.70630,1.13576
7.36530,3.70630,1.13576
7.37149,3.72137,1.12463
7.37149,3.72137,1.12463
7.37687,3.73371,1.11752
7.37718,3.73439,1.11717
7.37718,3.73439,1.11717
7.38571,3.75249,1.11024
7.38571,3.75249,1.11024
7.39254,3.76635,1.11002
7.39254,3.76635,1.11002
7.39838,3.77819,1.11431
7.39838,3.77819,1.11431
7.40636,3.79461,1.12774
7.40636,3.79461,1.12774
7.41224,3.80714,1.14219
7.41224,3.80714,1.14219
7.41817,3.82039,1.16298
7.41817,3.82039,1.16298
7.42479,3.83630,1.19231
7.42479,3.83630,1.19231
7.42958,3.84874,1.21830
7.43054,3.85134,1.22403
7.43054,3.85134,1.22403
7.43569,3.86620,1.25922
7.43673,3.86940,1.26725
7.43951,3.87834,1.29050
7.44045,3.88154,1.29885
7.44045,3.88154,1.29885
7.44401,3.89444,1.33100
7.44401,3.89444,1.33100
7.44772,3.90961,1.36476
7.44772,3.90961,1.36476
7.45042,3.92223,1.38976
7.45042,3.92223,1.38976
7.45268,3.93427,1.41333
7.45268,3.93427,1.41333
7.45490,3.94799,1.43940
7.45490,3.94799,1.43940
7.45702,3.96352,1.46788
7.45702,3.96352,1.46788
7.45856,3.97726,1.49115
7.45938,3.98606,1.50353
7.45975,3.99049,1.51104
7.46070,4.00457,1.53126
7.46070,4.00457,1.53126
7.46070,4.00457,1.53126
7.46140,4.02239,1.55670
7.46140,4.02239,1.55670
7.46151,4.02908,1.56630
7.46144,4.04619,1.59090
7.46144,4.04619,1.59090
7.46086,4.06399,1.61709
7.46086,4.06399,1.61709
7.46007,4.07805,1.63805
7.46007,4.07805,1.63805
7.45907,4.09123,1.65898
7.45907,4.09123,1.65898
7.45749,4.10723,1.68517
7.45708,4.11083,1.69142
7.45708,4.11083,1.69142
7.45523,4.12514,1.71659
7.45523,4.12514,1.71659
7.45230,4.14445,1.74489
7.45230,4.14445,1.74489
7.45230,4.14445,1.74489
7.44879,4.16383,1.76921
7.44809,4.16746,1.77312
7.44809,4.16746,1.77312
7.44419,4.18617,1.79395
7.44419,4.18617,1.79395
7.44322,4.19041,1.79898
7.43983,4.20459,1.81413
7.43983,4.20459,1.81413
7.43637,4.21823,1.82561
7.43637,4.21823,1.82561
7.43193,4.23495,1.83497
7.43153,4.23642,1.83559
7.42749,4.25120,1.83940
7.42749,4.25120,1.83940
7.42314,4.26697,1.83943
7.42209,4.27076,1.83881
7.42209,4.27076,1.83881
7.41728,4.28841,1.83355
7.41728,4.28841,1.83355
7.41728,4.28841,1.83355
7.41136,4.31081,1.82467
7.41136,4.31081,1.82467
7.40702,4.32775,1.81829
7.40702,4.32775,1.81829
7.40324,4.34283,1.81590
7.40324,4.34283,1.81590
7.40035,4.35460,1.81549
7.39913,4.35966,1.81544
7.39913,4.35966,1.81544
7.39582,4.37317,1.81586
7.39582,4.37317,1.81586
7.39124,4.39167,1.81078
7.39124,4.39167,1.81078
7.38950,4.39882,1.80756
7.38639,4.41186,1.79962
7.38639,4.41186,1.79962
7.38639,4.41186,1.79962
7.38086,4.43630,1.77640
7.38070,4.43706,1.77556
7.37762,4.45215,1.75667
7.37747,4.45290,1.75566
7.37518,4.46575,1.73845
7.37455,4.46953,1.73322
7.37455,4.46953,1.73322
7.37180,4.48767,1.70787
7.37180,4.48767,1.70787
7.36987,4.50278,1.68594
7.36987,4.50278,1.68594
7.36828,4.51789,1.66384
7.36828,4.51789,1.66384
7.36675,4.53372,1.64682
7.36675,4.53372,1.64682
7.36556,4.54645,1.63962
7.36476,4.55539,1.63806
7.36476,4.55539,1.63806
7.36350,4.57092,1.64175
7.36321,4.57461,1.64395
7.36321,4.57461,1.64395
7.36178,4.59293,1.66263
7.36178,4.59293,1.66263
7.36064,4.60658,1.68185
7.36064,4.60658,1.68185
7.36064,4.60658,1.68185
7.35877,4.62678,1.71628
7.35877,4.62678,1.71628
7.35703,4.64164,1.74514
7.35703,4.64164,1.74514
7.35517,4.65422,1.77162
7.35517,4.65422,1.77162
7.35517,4.65422,1.77162
7.35203,4.67110,1.81026
7.35203,4.67110,1.81026
7.34805,4.68820,1.85325
7.34805,4.68820,1.85325
7.34500,4.69931,1.88310
7.34500,4.69931,1.88310
7.34063,4.71320,1.92256
7.34063,4.71320,1.92256
7.33662,4.72440,1.95621
7.33507,4.72846,1.96908
7.33393,4.73134,1.97834
7.33393,4.73134,1.97834
7.32888,4.74324,2.01774
7.32888,4.74324,2.01774
7.32813,4.74492,2.02356
7.32181,4.75806,2.07068
7.32181,4.75806,2.07068
7.32181,4.75806,2.07068
7.32181,4.75806,2.07068
7.31214,4.77690,2.13716
7.30549,4.78936,2.17576
7.30011,4.79906,2.20252
7.30011,4.79906,2.20252
7.30011,4.79906,2.20252
7.29349,4.81048,2.23147
7.28684,4.82114,2.25864
7.28684,4.82114,2.25864
7.28684,4.82114,2.25864
7.27793,4.83432,2.29278
7.27793,4.83432,2.29278
7.26927,4.84618,2.32333
7.26927,4.84618,2.32333
7.26683,4.84936,2.33170
7.25627,4.86245,2.36595
7.25627,4.86245,2.36595
7.25627,4.86245,2.36595
7.24601,4.87417,2.39739
7.24510,4.87518,2.40012
7.23426,4.88655,2.43168
7.23426,4.88655,2.43168
7.22441,4.89617,2.45926
7.22137,4.89900,2.46760
7.22137,4.89900,2.46760
7.20887,4.91010,2.50101
7.20887,4.91010,2.50101
7.20887,4.91010,2.50101
7.19468,4.92169,2.53765
7.19468,4.92169,2.53765
7.18154,4.93155,2.57049
7.18154,4.93155,2.57049
7.17091,4.93901,2.59614
7.17091,4.93901,2.59614
7.15694,4.94817,2.62725
7.15694,4.94817,2.62725
7.14257,4.95693,2.65617
7.14257,4.95693,2.65617
7.13683,4.96025,2.66569
7.12713,4.96565,2.68391
7.12713,4.96565,2.68391
7.11793,4.97053,2.69881
7.10799,4.97557,2.71191
7.09603,4.98134,2.72519
7.09603,4.98134,2.72519
7.08668,4.98563,2.73304
7.07928,4.98888,2.73728
7.07928,4.98888,2.73728
7.06641,4.99438,2.74134
7.06641,4.99438,2.74134
7.04938,5.00161,2.73924
7.04938,5.00161,2.73924
7.04528,5.00335,2.73761
7.02952,5.01016,2.72777
7.02883,5.01047,2.72726
7.02883,5.01047,2.72726
7.00737,5.02013,2.70747
7.00737,5.02013,2.70747
6.99478,5.02607,2.69250
6.99478,5.02607,2.69250
6.98013,5.03326,2.67403
6.98013,5.03326,2.67403
6.96769,5.03964,2.65808
6.96769,5.03964,2.65808
6.95262,5.04770,2.63862
6.95262,5.04770,2.63862
6.94041,5.05451,2.62270
6.94041,5.05451,2.62270
6.92899,5.06112,2.60759
6.92365,5.06429,2.60048
6.91305,5.07075,2.58707
6.90517,5.07569,2.57515
6.90387,5.07652,2.57332
6.90387,5.07652,2.57332
6.88960,5.08582,2.55293
6.88960,5.08582,2.55293
6.87494,5.09583,2.53097
6.87494,5.09583,2.53097
6.86303,5.10432,2.51224
6.86303,5.10432,2.51224
6.85191,5.11256,2.49433
6.85191,5.11256,2.49433
6.84025,5.12148,2.47748
6.84025,5.12148,2.47748
6.82859,5.13068,2.46321
6.82062,5.13713,2.45555
6.81574,5.14115,2.44999
6.81574,5.14115,2.44999
6.80422,5.15080,2.43855
6.80422,5.15080,2.43855
6.79221,5.16110,2.42669
6.79221,5.16110,2.42669
6.78030,5.17155,2.41514
6.77087,5.18001,2.40594
6.76384,5.18641,2.39922
6.76150,5.18856,2.39697
6.76150,5.18856,2.39697
6.74817,5.20100,2.38414
6.74300,5.20591,2.37916
6.74300,5.20591,2.37916
6.73557,5.21306,2.37197
6.73557,5.21306,2.37197
6.72763,5.22081,2.36424
6.71750,5.23087,2.35431
6.71192,5.23650,2.34878
6.71192,5.23650,2.34878
6.69866,5.25014,2.33545
6.69866,5.25014,2.33545
6.68829,5.26106,2.32476
6.68829,5.26106,2.32476
6.67750,5.27267,2.31344
6.67643,5.27383,2.31226
6.66792,5.28321,2.30271
6.66792,5.28321,2.30271
6.66792,5.28321,2.30271
6.65690,5.29563,2.29001
6.65068,5.30279,2.28251
6.64400,5.31059,2.27501
6.64042,5.31480,2.27044
6.63688,5.31899,2.26714
6.63091,5.32613,2.26259
6.62846,5.32909,2.26112
6.61623,5.34397,2.25612
6.61623,5.34397,2.25612
6.60483,5.35795,2.25445
6.60433,5.35856,2.25440
6.59425,5.37094,2.25464
6.59172,5.37404,2.25488
6.59172,5.37404,2.25488
6.58161,5.38642,2.25609
6.58161,5.38642,2.25609
6.56845,5.40250,2.25768
6.56845,5.40250,2.25768
6.56845,5.40250,2.25768
6.55475,5.41918,2.25935
6.55475,5.41918,2.25935
6.55475,5.41918,2.25935
6.53848,5.43891,2.26133
6.53848,5.43891,2.26133
6.52931,5.45000,2.26244
6.52931,5.45000,2.26244
6.51859,5.46292,2.26374
6.51859,5.46292,2.26374
6.50888,5.47460,2.26493
6.50888,5.47460,2.26493
6.49660,5.48933,2.26649
6.49660,5.48933,2.26649
6.49660,5.48933,2.26649
6.48173,5.50711,2.26840
6.48173,5.50711,2.26840
6.47248,5.51813,2.26982
6.47248,5.51813,2.26982
6.46221,5.53031,2.27350
6.46169,5.53092,2.27369
6.46118,5.53152,2.27387
6.44775,5.54728,2.27930
6.44775,5.54728,2.27930
6.43736,5.55935,2.28367
6.43736,5.55935,2.28367
6.43476,5.56236,2.28474
6.42273,5.57618,2.28966
6.42273,5.57618,2.28966
6.41222,5.58814,2.29385
6.41222,5.58814,2.29385
6.39900,5.60304,2.29900
6.39900,5.60304,2.29900
6.38891,5.61432,2.30284
6.38891,5.61432,2.30284
6.37824,5.62615,2.30684
6.37824,5.62615,2.30684
6.36644,5.63911,2.31122
6.36644,5.63911,2.31122
6.35567,5.65086,2.31517
6.35567,5.65086,2.31517
6.34485,5.66255,2.31915
6.33888,5.66897,2.32134
6.33834,5.66955,2.32154
6.33834,5.66955,2.32154
6.32308,5.68582,2.32722
6.32308,5.68582,2.32722
6.32308,5.68582,2.32722
6.32308,5.68582,2.32722
6.32308,5.68582,2.32722
6.29505,5.71521,2.33794
6.29505,5.71521,2.33794
6.29505,5.71521,2.33794
6.28342,5.72723,2.34240
6.28342,5.72723,2.34240
6.26781,5.74320,2.34662
6.26781,5.74320,2.34662
6.25773,5.75345,2.34864
6.25773,5.75345,2.34864
6.24595,5.76538,2.35070
6.24595,5.76538,2.35070
6.23527,5.77617,2.35251
6.23245,5.77900,2.35298
6.23245,5.77900,2.35298
6.21723,5.79428,2.35548
6.21723,5.79428,2.35548
6.20706,5.80445,2.35712
6.20706,5.80445,2.35712
6.19518,5.81629,2.35900
6.19234,5.81911,2.35944
6.19234,5.81911,2.35944
6.18100,5.83036,2.36121
6.18100,5.83036,2.36121
6.16850,5.84271,2.36314
6.16850,5.84271,2.36314
6.15654,5.85448,2.36499
6.15654,5.85448,2.36499
6.15654,5.85448,2.36499
6.13942,5.87126,2.36763
6.13942,5.87126,2.36763
6.12913,5.88130,2.36923
6.12913,5.88130,2.36923
6.11882,5.89133,2.37085
6.11882,5.89133,2.37085
6.10793,5.90189,2.37259
6.10793,5.90189,2.37259
6.09586,5.91355,2.37460
6.09586,5.91355,2.37460
6.08435,5.92463,2.37582
6.07627,5.93239,2.37571
6.06820,5.94016,2.37560
6.06820,5.94016,2.37560
6.05782,5.95014,2.37539
6.05782,5.95014,2.37539
6.04687,5.96068,2.37518
6.04687,5.96068,2.37518
6.04456,5.96290,2.37513
6.03361,5.97345,2.37492
6.03130,5.97567,2.37488
6.02324,5.98344,2.37472
6.02209,5.98455,2.37470
6.00596,6.00010,2.37439
6.00480,6.00121,2.37437
6.00480,6.00121,2.37437
5.99386,6.01176,2.37416
5.98407,6.02121,2.37399
5.98407,6.02121,2.37399
5.97256,6.03232,2.37378
5.97256,6.03232,2.37378
5.95875,6.04566,2.37353
5.95817,6.04621,2.37352
5.95817,6.04621,2.37352
5.94379,6.06011,2.37326
5.94379,6.06011,2.37326
5.93343,6.07012,2.37307
5.92710,6.07624,2.37296
5.92710,6.07624,2.37296
5.91733,6.08569,2.37278
5.90870,6.09404,2.37261
5.90870,6.09404,2.37261
5.90870,6.09404,2.37261
5.88973,6.11240,2.37224
5.88973,6.11240,2.37224
5.88973,6.11240,2.37224
5.87938,6.12242,2.37203
5.86847,6.13301,2.37137
5.86215,6.13914,2.37090
5.85985,6.14137,2.37074
5.85469,6.14639,2.37038
5.85469,6.14639,2.37038
5.84207,6.15867,2.36951
5.84207,6.15867,2.36951
5.82889,6.17151,2.36861
5.82889,6.17151,2.36861
5.81571,6.18437,2.36774
5.81571,6.18437,2.36774
5.80656,6.19332,2.36714
5.80084,6.19892,2.36677
5.80084,6.19892,2.36677
5.78883,6.21068,2.36601
5.78883,6.21068,2.36601
5.77798,6.22133,2.36533
5.77798,6.22133,2.36533
5.76771,6.23143,2.36468
5.76771,6.23143,2.36468
5.75573,6.24321,2.36394
5.75573,6.24321,2.36394
5.74375,6.25501,2.36319
5.74375,6.25501,2.36319
5.73236,6.26625,2.36248
5.73236,6.26625,2.36248
5.73236,6.26625,2.36248
5.71756,6.28088,2.36154
5.71756,6.28088,2.36154
5.70448,6.29383,2.36070
5.70448,6.29383,2.36070
5.69198,6.30623,2.35986
5.69198,6.30623,2.35986
5.67949,6.31863,2.35925
5.67552,6.32258,2.35910
5.67382,6.32427,2.35904
5.66531,6.33274,2.35872
5.65567,6.34233,2.35837
5.65567,6.34233,2.35837
5.64603,6.35193,2.35803
5.64093,6.35702,2.35786
5.64093,6.35702,2.35786
5.62676,6.37114,2.35737
5.62676,6.37114,2.35737
5.62676,6.37114,2.35737
5.61204,6.38584,2.35688
5.61204,6.38584,2.35688
5.59958,6.39828,2.35647
5.59958,6.39828,2.35647
5.58883,6.40903,2.35612
5.58883,6.40903,2.35612
5.57639,6.42148,2.35573
5.57639,6.42148,2.35573
5.56847,6.42941,2.35548
5.56338,6.43450,2.35532
5.56338,6.43450,2.35532
5.55208,6.44583,2.35496
5.54586,6.45206,2.35477
5.54586,6.45206,2.35477
5.53118,6.46680,2.35430
5.53118,6.46680,2.35430
5.51988,6.47814,2.35394
5.51988,6.47814,2.35394
5.51988,6.47814,2.35394
5.50408,6.49402,2.35341
5.50408,6.49402,2.35341
5.49223,6.50593,2.35301
5.49223,6.50593,2.35301
5.48208,6.51615,2.35266
5.48208,6.51615,2.35266
5.46968,6.52864,2.35261
5.46968,6.52864,2.35261
5.45559,6.54284,2.35263
5.45559,6.54284,2.35263
5.45559,6.54284,2.35263
5.44263,6.55589,2.35266
5.44263,6.55589,2.35266
5.43248,6.56611,2.35269
5.43248,6.56611,2.35269
5.42233,6.57633,2.35271
5.41219,6.58655,2.35274
5.41219,6.58655,2.35274
5.40035,6.59847,2.35277
5.40035,6.59847,2.35277
5.39245,6.60584,2.35279
5.38569,6.61322,2.35281
5.38569,6.61322,2.35281
5.37554,6.62344,2.35283
5.37554,6.62344,2.35283
5.36539,6.63366,2.35286
5.36539,6.63366,2.35286
5.35299,6.64614,2.35289
5.35243,6.64671,2.35289
5.34171,6.65749,2.35292
5.34171,6.65749,2.35292
5.33100,6.66828,2.35295
5.33100,6.66828,2.35295
5.33100,6.66828,2.35295
5.31408,6.68530,2.35299
5.31408,6.68530,2.35299
5.30281,6.69665,2.35302
5.29942,6.70006,2.35303
5.28927,6.71027,2.35306
5.28927,6.71027,2.35306
5.28927,6.71027,2.35306
5.27461,6.72502,2.35310
5.27461,6.72502,2.35310
5.26333,6.73637,2.35324
5.26333,6.73637,2.35324
5.24979,6.74998,2.35342
5.24979,6.74998,2.35342
5.23964,6.76019,2.35355
5.23964,6.76019,2.35355
5.22892,6.77097,2.35369
5.22892,6.77097,2.35369
5.21820,6.78174,2.35383
5.21820,6.78174,2.35383
5.20691,6.79308,2.35397
5.20691,6.79308,2.35397
5.19450,6.80555,2.35413
5.19450,6.80555,2.35413
5.18885,6.81122,2.35419
5.18038,6.81972,2.35430
5.18038,6.81972,2.35430
5.16852,6.83162,2.35445
5.16852,6.83162,2.35445
5.15780,6.84239,2.35458
5.15780,6.84239,2.35458
5.14311,6.85711,2.35475
5.14311,6.85711,2.35476
5.13351,6.86674,2.35488
5.12955,6.87071,2.35492
5.12955,6.87071,2.35492
5.11317,6.88713,2.35513
5.11317,6.88713,2.35513
5.11317,6.88713,2.35513
5.10017,6.90015,2.35530
5.10017,6.90015,2.35530
5.09678,6.90355,2.35534
5.09282,6.90751,2.35540
5.07869,6.92166,2.35559
5.07869,6.92166,2.35559
5.06456,6.93581,2.35578
5.06456,6.93581,2.35578
5.05155,6.94883,2.35587
5.05155,6.94883,2.35587
5.04137,6.95901,2.35593
5.04137,6.95901,2.35593
5.03006,6.97033,2.35600
5.03006,6.97033,2.35600
5.03006,6.97033,2.35600
5.01649,6.98391,2.35608
5.01649,6.98391,2.35608
5.00295,6.99743,2.35727
5.00295,6.99743,2.35727
4.99243,7.00790,2.36188
4.99243,7.00790,2.36188
4.97889,7.02114,2.37001
4.97835,7.02166,2.37034
4.97835,7.02166,2.37034
4.96349,7.03598,2.38396
4.96349,7.03598,2.38396
4.96349,7.03598,2.38396
4.95922,7.04002,2.38989
4.94677,7.05152,2.40942
4.93620,7.06091,2.42842
4.93620,7.06091,2.42842
4.92594,7.06963,2.44696
4.92594,7.06963,2.44696
4.91492,7.07863,2.46639
4.91198,7.08098,2.47136
4.91198,7.08098,2.47136
4.89530,7.09384,2.49897
4.89530,7.09384,2.49897
4.89530,7.09384,2.49897
4.87823,7.10628,2.52596
4.87576,7.10802,2.52975
4.87514,7.10802,2.52975
4.86078,7.11829,2.55229
4.86078,7.11829,2.55229
4.84746,7.12701,2.57163
4.84746,7.12701,2.57163
4.83526,7.13469,2.58897
4.83526,7.13469,2.58897
4.82160,7.14294,2.60776
4.82160,7.14294,2.60776
4.80910,7.15019,2.62473
4.80910,7.15019,2.62473
4.79314,7.15905,2.64611
4.79314,7.15905,2.64611
4.78105,7.16546,2.66220
4.78105,7.16546,2.66220
4.76886,7.17168,2.67832
4.76886,7.17168,2.67832
4.75661,7.17768,2.69485
4.75661,7.17768,2.69485
4.73943,7.18569,2.71649
4.73943,7.18569,2.71649
4.73393,7.18816,2.72192
4.72021,7.19419,2.73362
4.72021,7.19419,2.73362
4.70715,7.19983,2.73953
4.70715,7.19983,2.73953
4.69122,7.20659,2.74176
4.69052,7.20688,2.74161
4.67514,7.21342,2.73831
4.67514,7.21342,2.73831
4.66245,7.21886,2.73247
4.66245,7.21886,2.73247
4.64891,7.22480,2.72368
4.64891,7.22480,2.72368
4.63382,7.23160,2.71115
4.63166,7.23259,2.70929
4.63166,7.23259,2.70929
4.61806,7.23895,2.69756
4.60524,7.24513,2.68646
4.60524,7.24513,2.68646
4.59460,7.25038,2.67729
4.58825,7.25359,2.67178
4.58825,7.25359,2.67178
4.57208,7.26193,2.65776
4.57208,7.26193,2.65776
4.55673,7.27012,2.64435
4.55673,7.27012,2.64435
4.54357,7.27735,2.63271
4.54357,7.27735,2.63271
4.52981,7.28514,2.62027
4.52981,7.28514,2.62027
4.51411,7.29429,2.60576
4.51411,7.29429,2.60576
4.51411,7.29429,2.60576
4.49454,7.30616,2.58703
4.49454,7.30616,2.58703
4.48385,7.31284,2.57600
4.47922,7.31580,2.57090
4.47855,7.31622,2.57017
4.46474,7.32524,2.55500
4.46474,7.32524,2.55500
4.45235,7.33359,2.54152
4.45235,7.33359,2.54152
4.43813,7.34347,2.52621
4.43813,7.34347,2.52621
4.42661,7.35172,2.51379
4.42279,7.35451,2.50980
4.41327,7.36154,2.49994
4.41327,7.36154,2.49994
4.40131,7.37058,2.48758
4.40131,7.37058,2.48758
4.39008,7.37929,2.47619
4.37833,7.38862,2.46424
4.37833,7.38862,2.46424
4.36729,7.39760,2.45300
4.36729,7.39760,2.45300
4.35938,7.40416,2.44499
4.35635,7.40670,2.44195
4.34431,7.41695,2.42978
4.33894,7.42161,2.42432
4.33894,7.42161,2.42432
4.32590,7.43313,2.41096
4.32590,7.43313,2.41096
4.31302,7.44483,2.39755
4.31302,7.44483,2.39755
4.30837,7.44912,2.39267
4.29915,7.45777,2.38276
4.29915,7.45777,2.38276
4.28832,7.46816,2.37085
4.28832,7.46816,2.37085
4.27762,7.47868,2.35868
4.27762,7.47868,2.35868
4.26650,7.48988,2.34584
4.26429,7.49213,2.34367
4.25655,7.49996,2.33884
4.24668,7.50995,2.33788
4.24668,7.50995,2.33788
4.23571,7.52127,2.33637
4.23571,7.52127,2.33637
4.22576,7.53166,2.33296
4.22576,7.53166,2.33296
4.21528,7.54268,2.32909
4.21528,7.54268,2.32909
4.20484,7.55374,2.32525
4.20046,7.55840,2.32364
4.19499,7.56425,2.32164
4.18355,7.57656,2.31754
4.18247,7.57773,2.31715
4.18247,7.57773,2.31715
4.17000,7.59127,2.31274
4.17000,7.59127,2.31274
4.16028,7.60191,2.30934
4.16028,7.60191,2.30934
4.15060,7.61258,2.30596
4.14149,7.62268,2.30278
4.14149,7.62268,2.30278
4.14149,7.62268,2.30278
4.13028,7.63520,2.29886
4.12602,7.63999,2.29737
3.96923,7.82702,2.23939
3.96923,7.82702,2.23939
3.95982,7.83896,2.23577
3.95982,7.83896,2.23577
3.95063,7.84662,2.18610
3.94921,7.84730,2.17261
3.94779,7.84798,2.15922
3.94263,7.85054,2.11531
3.93159,7.85637,2.00978
3.93159,7.85637,2.00978
3.92126,7.86231,1.91773
3.92126,7.86231,1.91773
3.91161,7.86832,1.83373
3.91161,7.86832,1.83373
3.90447,7.87301,1.76733
3.90447,7.87301,1.76733
3.89755,7.87768,1.69085
3.89755,7.87768,1.69085
3.89065,7.88280,1.60972
3.89065,7.88280,1.60972
3.88595,7.88505,1.54289
3.88595,7.88505,1.54289
3.88467,7.88309,1.51440
3.88447,7.88280,1.51009
3.88363,7.88146,1.49174
3.88249,7.87975,1.46820
3.88249,7.87975,1.46820
3.88205,7.87913,1.46071
3.88128,7.87806,1.44502
3.88128,7.87806,1.44502
3.88043,7.87694,1.42972
3.88043,7.87694,1.42972
3.87940,7.87567,1.41260
3.87940,7.87567,1.41260
3.87874,7.87499,1.40305
3.87874,7.87499,1.40305
3.87817,7.87448,1.39586
3.87817,7.87448,1.39586
3.87771,7.87412,1.39110
3.87771,7.87412,1.39110
3.87732,7.87389,1.38857
3.87732,7.87389,1.38857
3.87708,7.87386,1.38928
3.87708,7.87386,1.38928
3.87685,7.87403,1.39227
3.87685,7.87403,1.39227
3.87660,7.87429,1.39642
3.87660,7.87429,1.39642
3.87640,7.87452,1.40013
3.87640,7.87452,1.40013
3.87617,7.87481,1.40481
3.87617,7.87481,1.40481
3.87587,7.87520,1.41096
3.87587,7.87520,1.41096
3.87559,7.87559,1.41725
3.87559,7.87559,1.41725
3.87532,7.87597,1.42314
3.87532,7.87597,1.42314
3.87491,7.87657,1.43267
3.87491,7.87657,1.43267
3.87456,7.87714,1.44144
3.87456,7.87714,1.44144
3.87432,7.87767,1.44968
3.87416,7.87805,1.45560
3.87416,7.87805,1.45560
3.87416,7.87805,1.45560
3.87394,7.87885,1.46780
3.87394,7.87885,1.46780
3.87382,7.87943,1.47672
3.87382,7.87943,1.47672
3.87379,7.88003,1.48575
3.87378,7.88044,1.49181
3.87378,7.88044,1.49181
3.87384,7.88103,1.50070
3.87384,7.88103,1.50070
3.87391,7.88154,1.50832
3.87399,7.88188,1.51328
3.87399,7.88188,1.51328
3.87404,7.88209,1.51784
3.87404,7.88209,1.51784
3.87405,7.88200,1.52132
3.87405,7.88200,1.52132
3.87410,7.88167,1.52427
3.87410,7.88167,1.52427
3.87411,7.88103,1.52721
3.87411,7.88103,1.52721
3.87415,7.87994,1.53054
3.87415,7.87994,1.53054
3.87413,7.87855,1.53369
3.87413,7.87855,1.53369
3.87415,7.87669,1.53699
3.87415,7.87669,1.53699
3.87416,7.87407,1.54078
3.87416,7.87407,1.54078
3.87414,7.87092,1.54440
3.87414,7.87092,1.54456
3.87415,7.86825,1.54738
3.87415,7.86825,1.54738
3.87414,7.86512,1.55034
3.87414,7.86512,1.55034
3.87415,7.86166,1.55332
3.87414,7.85939,1.55512
3.87417,7.85721,1.55679
3.87418,7.85470,1.55864
3.87418,7.85305,1.55982
3.87418,7.85281,1.55982
3.87422,7.84881,1.56260
3.87423,7.84592,1.56422
3.87421,7.83986,1.56557
3.87421,7.83986,1.56557
3.87418,7.83470,1.56363
3.87418,7.83470,1.56363
3.87415,7.82946,1.55759
3.87415,7.82916,1.55715
3.87403,7.82260,1.54621
3.87402,7.82231,1.54575
3.87395,7.81998,1.54237
3.87386,7.81713,1.53897
3.87364,7.81169,1.53416
3.87364,7.81169,1.53416
3.87345,7.80709,1.52891
3.87345,7.80709,1.52891
3.87326,7.80236,1.51938
3.87298,7.79743,1.50418
3.87296,7.79718,1.50331
3.87296,7.79718,1.50331
3.87266,7.79280,1.48483
3.87266,7.79280,1.48483
3.87222,7.78819,1.46188
3.87222,7.78819,1.46188
3.87160,7.78293,1.42911
3.87160,7.78293,1.42911
3.87087,7.77821,1.39452
3.87087,7.77821,1.39452
3.86991,7.77334,1.35257
3.86991,7.77334,1.35257
3.86991,7.77334,1.35257
3.86842,7.76745,1.29289
3.86842,7.76745,1.29289
3.86665,7.76178,1.22666
3.86665,7.76178,1.22666
3.86541,7.75830,1.18144
3.86541,7.75830,1.18144
3.86350,7.75395,1.12316
3.86350,7.75395,1.12316
3.86174,7.75035,1.07225
3.86174,7.75035,1.07225
3.86174,7.75035,1.07225
3.85974,7.74677,1.01426
3.85974,7.74677,1.01426
3.85779,7.74361,0.95357
3.85779,7.74361,0.95357
3.85627,7.74130,0.89995
3.85627,7.74130,0.89995
3.85512,7.73974,0.85628
3.85512,7.73974,0.85628
3.85433,7.73860,0.82241
3.85368,7.73776,0.78840
3.85368,7.73776,0.78840
3.85368,7.73776,0.78840
3.85271,7.73631,0.72298
3.85262,7.73618,0.71569
3.85227,7.73555,0.67454
3.85227,7.73555,0.67454
3.85214,7.73495,0.61881
3.85214,7.73495,0.61881
3.85237,7.73469,0.57543
3.85279,7.73462,0.53422
3.85283,7.73462,0.53180
3.85283,7.73462,0.53180
3.85400,7.73480,0.47167
3.85400,7.73480,0.47167
3.85522,7.73514,0.42837
3.85522,7.73514,0.42837
3.85726,7.73580,0.37331
3.85726,7.73580,0.37331
3.85953,7.73663,0.32295
3.85976,7.73671,0.31817
3.85976,7.73671,0.31817
3.85976,7.73671,0.31817
3.86493,7.73858,0.22643
3.86493,7.73858,0.22643
3.86830,7.73962,0.17526
3.86830,7.73962,0.17526
3.87071,7.74022,0.14121
3.87234,7.74061,0.11944
3.87234,7.74061,0.11944
3.87578,7.74128,0.07561
3.87578,7.74128,0.07561
3.87986,7.74188,0.02695
3.88354,7.74219,-0.01453
3.88489,7.74227,-0.02912
3.88489,7.74227,-0.02912
3.88489,7.74227,-0.02912
3.89196,7.74229,-0.10210
3.89196,7.74229,-0.10210
3.89749,7.74188,-0.15553
3.89749,7.74188,-0.15553
3.90248,7.74115,-0.20167
3.90248,7.74115,-0.20167
3.90795,7.74000,-0.25024
3.90795,7.74000,-0.25024
3.91391,7.73832,-0.30124
3.91391,7.73832,-0.30124
3.92099,7.73579,-0.35950
3.92099,7.73579,-0.35950
3.92648,7.73345,-0.40317
3.92648,7.73345,-0.40317
3.93339,7.73008,-0.45655
3.93339,7.73008,-0.45655
3.93727,7.72804,-0.48605
3.94220,7.72530,-0.52339
3.94220,7.72530,-0.52339
3.94860,7.72151,-0.57141
3.94860,7.72151,-0.57141
3.95552,7.71715,-0.62278
3.95552,7.71715,-0.62278
3.95870,7.71507,-0.64615
3.96371,7.71167,-0.68280
3.97140,7.70624,-0.73841
3.97178,7.70597,-0.74108
3.97439,7.70406,-0.75710
3.98121,7.69893,-0.80816
3.98121,7.69893,-0.80816
3.98350,7.69716,-0.82414
3.99290,7.68950,-0.88643
3.99290,7.68950,-0.88643
4.00094,7.68239,-0.93533
4.00094,7.68239,-0.93533
4.00806,7.67563,-0.97515
4.00841,7.67529,-0.97702
4.01672,7.66679,-1.01890
4.01672,7.66679,-1.01890
4.01672,7.66679,-1.01890
4.02311,7.65976,-1.04783
4.02311,7.65976,-1.04783
4.03000,7.65169,-1.07559
4.03000,7.65169,-1.07559
4.03763,7.64209,-1.10203
4.03763,7.64209,-1.10203
4.04441,7.63291,-1.12143
4.04501,7.63206,-1.12297
4.05009,7.62471,-1.13454
4.05039,7.62427,-1.13514
4.05593,7.61583,-1.14413
4.05593,7.61583,-1.14413
4.05593,7.61583,-1.14413
4.05593,7.61583,-1.14413
4.06533,7.60095,-1.14604
4.06533,7.60095,-1.14604
4.07188,7.59016,-1.13662
4.07188,7.59016,-1.13662
4.07695,7.58120,-1.12457
4.07695,7.58120,-1.12457
4.08145,7.57268,-1.11033
4.08145,7.57268,-1.11033
4.08636,7.56315,-1.09144
4.08636,7.56315,-1.09144
4.09028,7.55567,-1.07419
4.09239,7.55166,-1.06458
4.09239,7.55166,-1.06458
4.09688,7.54356,-1.04437
4.09688,7.54356,-1.04437
4.10060,7.53702,-1.02706
4.10207,7.53455,-1.02032
4.10372,7.53181,-1.01358
4.10673,7.52686,-0.99819
4.10673,7.52686,-0.99819
4.11099,7.52024,-0.97657
4.11099,7.52024,-0.97657
4.11581,7.51322,-0.94569
4.11581,7.51322,-0.94569
4.12054,7.50685,-0.91169
4.12054,7.50685,-0.91169
4.12482,7.50147,-0.87613
4.12482,7.50147,-0.87613
4.12887,7.49672,-0.83785
4.12887,7.49672,-0.83785
4.12887,7.49672,-0.83785
4.13439,7.49082,-0.77857
4.13439,7.49082,-0.77857
4.13970,7.48570,-0.71614
4.13970,7.48570,-0.71614
4.13970,7.48570,-0.71614
4.14538,7.48050,-0.65668
4.14681,7.47923,-0.64299
4.15124,7.47537,-0.60312
4.15124,7.47537,-0.60312
4.15595,7.47159,-0.56406
4.15595,7.47159,-0.56406
4.15595,7.47159,-0.56406
4.16331,7.46651,-0.50719
4.16331,7.46651,-0.50719
4.17070,7.46223,-0.45423
4.17070,7.46223,-0.45423
4.17425,7.46040,-0.42947
4.17755,7.45881,-0.40631
4.18263,7.45657,-0.37060
4.18647,7.45504,-0.34395
4.18647,7.45504,-0.34395
4.19450,7.45224,-0.29058
4.19450,7.45224,-0.29058
4.20141,7.45021,-0.24690
4.20499,7.44928,-0.22506
4.20499,7.44928,-0.22506
4.21362,7.44734,-0.17418
4.21362,7.44734,-0.17418
4.22136,7.44593,-0.13066
4.22136,7.44593,-0.13066
4.23032,7.44463,-0.08249
4.23634,7.44394,-0.05369
4.23965,7.44362,-0.03455
4.24397,7.44326,-0.01307
4.24936,7.44290,0.01308
4.24936,7.44290,0.01308
4.26047,7.44243,0.06505
4.26047,7.44243,0.06505
4.27085,7.44233,0.11125
4.27085,7.44233,0.11125
4.28186,7.44262,0.15889
4.28186,7.44262,0.15889
4.29338,7.44339,0.20827
4.29338,7.44339,0.20827
4.30226,7.44432,0.24605
4.30226,7.44432,0.24605
4.31619,7.44642,0.30592
4.31619,7.44642,0.30592
4.31619,7.44642,0.30592
4.32633,7.44850,0.35022
4.32633,7.44850,0.35022
4.33960,7.45202,0.41001
4.33960,7.45202,0.41001
4.34883,7.45490,0.44998
4.34883,7.45490,0.44998
4.35752,7.45792,0.48598
4.35752,7.45792,0.48598
4.36234,7.45970,0.50496
4.37384,7.46434,0.54824
4.37431,7.46454,0.54995
4.38291,7.46831,0.57945
4.38291,7.46831,0.57945
4.39140,7.47234,0.60717
4.39140,7.47234,0.60717
4.40074,7.47697,0.63316
4.40074,7.47697,0.63316
4.40074,7.47697,0.63316
4.41448,7.48428,0.66416
4.41448,7.48428,0.66416
4.42437,7.48990,0.68043
4.42437,7.48990,0.68043
4.42437,7.48990,0.68043
4.43373,7.49542,0.68964
4.43766,7.49786,0.69204
4.44152,7.50031,0.69384
4.44152,7.50031,0.69384
4.45267,7.50784,0.69292
4.45267,7.50784,0.69292
4.46091,7.51385,0.68597
4.46091,7.51385,0.68597
4.46833,7.51955,0.67658
4.46833,7.51955,0.67658
4.47535,7.52513,0.66492
4.47535,7.52513,0.66492
4.48266,7.53096,0.65168
4.48266,7.53096,0.65168
4.48266,7.53096,0.65168
4.49060,7.53709,0.63659
4.49275,7.53871,0.63238
4.49611,7.54118,0.62574
4.49611,7.54118,0.62574
4.50217,7.54564,0.61307
4.50217,7.54564,0.61307
4.50217,7.54564,0.61307
4.50982,7.55103,0.59618
4.50982,7.55103,0.59618
4.51668,7.55569,0.57988
4.51668,7.55569,0.57988
4.51668,7.55569,0.57988
4.51975,7.55774,0.57203
4.52093,7.55850,0.56901
4.52790,7.56296,0.54968
4.52790,7.56296,0.54968
4.53279,7.56596,0.53458
4.53279,7.56596,0.53458
4.53279,7.56596,0.53458
4.53720,7.56856,0.51949
4.53720,7.56856,0.51949
4.54064,7.57053,0.50620
4.54079,7.57062,0.50559
4.54079,7.57062,0.50559
4.54166,7.57110,0.50199
4.54378,7.57228,0.49233
4.54564,7.57327,0.48328
4.54674,7.57384,0.47726
4.54744,7.57421,0.47303
4.54897,7.57499,0.46337
4.54999,7.57550,0.45554
4.55091,7.57594,0.44768
4.55147,7.57621,0.44219
4.55207,7.57649,0.43466
4.55207,7.57649,0.43466
4.55233,7.57661,0.43097
4.55328,7.57705,0.41544
4.55412,7.57742,0.39351
4.55412,7.57742,0.39351
4.55455,7.57760,0.37710
4.55485,7.57772,0.36177
4.55485,7.57772,0.36177
4.55538,7.57792,0.32716
4.55538,7.57792,0.32716
4.55633,7.57825,0.29507
4.55638,7.57826,0.29375
4.55706,7.57850,0.27798
4.55801,7.57886,0.25982
4.55801,7.57886,0.25982
4.55977,7.57941,0.22930
4.55995,7.57945,0.22630
4.55995,7.57945,0.22630
4.56259,7.58002,0.17992
4.56259,7.58002,0.17992
4.56397,7.58028,0.15420
4.56518,7.58046,0.12739
4.56518,7.58046,0.12739
4.56711,7.58070,0.08297
4.56711,7.58070,0.08297
4.56972,7.58089,0.01890
4.56972,7.58089,0.01890
4.56972,7.58089,0.01890
4.57185,7.58090,-0.03730
4.57396,7.58083,-0.08863
4.57457,7.58080,-0.10320
4.57624,7.58067,-0.13852
4.57690,7.58058,-0.15602
4.57988,7.58004,-0.21844
4.58002,7.58001,-0.22124
4.58002,7.58001,-0.22124
4.58261,7.57939,-0.27108
4.58412,7.57895,-0.29559
4.58521,7.57861,-0.31720
4.58713,7.57793,-0.34946
4.58812,7.57756,-0.36548
4.59016,7.57673,-0.39742
4.59318,7.57532,-0.44258
4.59318,7.57532,-0.44258
4.59674,7.57346,-0.49315
4.59674,7.57346,-0.49315
4.60316,7.56947,-0.57824
4.60316,7.56947,-0.57824
4.60316,7.56947,-0.57824
4.60765,7.56627,-0.63400
4.60765,7.56627,-0.63400
4.61188,7.56300,-0.68491
4.61188,7.56300,-0.68491
4.61723,7.55858,-0.74736
4.61987,7.55629,-0.77751
4.61987,7.55629,-0.77751
4.62085,7.55543,-0.78852
4.62609,7.55067,-0.84663
4.62609,7.55067,-0.84663
4.63233,7.54473,-0.91361
4.63366,7.54343,-0.92765
4.63366,7.54343,-0.92765
4.64036,7.53659,-0.99820
4.64063,7.53631,-1.00102
4.64089,7.53603,-1.00102
4.64634,7.52989,-1.06306
4.64634,7.52989,-1.06306
4.65118,7.52406,-1.11670
4.65360,7.52089,-1.14220
4.65653,7.51699,-1.17896
4.65653,7.51699,-1.17896
4.66131,7.50995,-1.23854
4.66131,7.50995,-1.23854
4.66623,7.50191,-1.30379
4.66623,7.50191,-1.30379
4.66991,7.49504,-1.35773
4.66991,7.49504,-1.35773
4.67304,7.48835,-1.40897
4.67304,7.48835,-1.40897
4.67608,7.48072,-1.46600
4.67608,7.48072,-1.46600
4.67899,7.47169,-1.53198
4.67899,7.47169,-1.53198
4.68083,7.46444,-1.58387
4.68083,7.46444,-1.58387
4.68269,7.45453,-1.65338
4.68269,7.45453,-1.65338
4.68363,7.44691,-1.70571
4.68396,7.44304,-1.73193
4.68396,7.44304,-1.73193
4.68434,7.43474,-1.78736
4.68434,7.43474,-1.78736
4.68435,7.42686,-1.83775
4.68399,7.41775,-1.89164
4.68396,7.41731,-1.89409
4.68396,7.41731,-1.89409
4.68327,7.40919,-1.93766
4.68327,7.40919,-1.93766
4.68226,7.40116,-1.97652
4.68116,7.39451,-2.00346
4.68045,7.39080,-2.01966
4.68045,7.39080,-2.01966
4.67830,7.38146,-2.05172
4.67779,7.37946,-2.05770
4.67779,7.37946,-2.05770
4.67779,7.37946,-2.05770
4.67528,7.37076,-2.08046
4.67528,7.37076,-2.08046
4.67039,7.35690,-2.10404
4.66963,7.35502,-2.10595
4.66933,7.35427,-2.10662
4.66933,7.35427,-2.10662
4.66522,7.34499,-2.11095
4.66522,7.34499,-2.11095
4.66197,7.33846,-2.10909
4.65868,7.33238,-2.10362
4.65827,7.33168,-2.10271
4.65827,7.33168,-2.10271
4.65458,7.32533,-2.09256
4.65458,7.32533,-2.09256
4.65063,7.31834,-2.07656
4.64711,7.31179,-2.06037
4.64711,7.31179,-2.06037
4.64711,7.31179,-2.06037
4.64258,7.30295,-2.03734
4.64258,7.30295,-2.03734
4.63943,7.29644,-2.01945
4.63943,7.29644,-2.01945
4.63943,7.29644,-2.01945
4.63943,7.29644,-2.01945
4.63520,7.28718,-1.99218
4.63310,7.28232,-1.97684
4.63256,7.28102,-1.97258
4.63256,7.28102,-1.97258
4.63061,7.27628,-1.95637
4.62906,7.27228,-1.94187
4.62906,7.27228,-1.94187
4.62757,7.26833,-1.92652
4.62757,7.26833,-1.92652
4.62633,7.26484,-1.91197
4.62633,7.26484,-1.91197
4.62515,7.26142,-1.89617
4.62515,7.26142,-1.89617
4.62389,7.25755,-1.87524
4.62389,7.25755,-1.87524
4.62264,7.25336,-1.84663
4.62264,7.25336,-1.84663
4.62189,7.25068,-1.82405
4.62189,7.25068,-1.82405
4.62096,7.24740,-1.78977
4.62096,7.24740,-1.78977
4.62088,7.24714,-1.78672
4.62033,7.24490,-1.76053
4.61987,7.24210,-1.73162
4.61987,7.24210,-1.73162
4.61943,7.23954,-1.70399
4.61943,7.23954,-1.70399
4.61899,7.23689,-1.67022
4.61899,7.23689,-1.67022
4.61872,7.23414,-1.63564
4.61872,7.23414,-1.63564
4.61860,7.23057,-1.59687
4.61860,7.23057,-1.59687
4.61868,7.22677,-1.56111
4.61869,7.22639,-1.55781
4.61887,7.22300,-1.53003
4.61894,7.22196,-1.52201
4.61894,7.22196,-1.52201
4.61929,7.21697,-1.48420
4.61929,7.21697,-1.48420
4.61967,7.21291,-1.44773
4.61967,7.21291,-1.44773
4.62032,7.20853,-1.40882
4.62032,7.20853,-1.40882
4.62122,7.20380,-1.37025
4.62122,7.20380,-1.37025
4.62218,7.19950,-1.33765
4.62349,7.19440,-1.30125
4.62349,7.19440,-1.30125
4.62496,7.18928,-1.26689
4.62496,7.18928,-1.26689
4.62677,7.18361,-1.23040
4.62677,7.18361,-1.23040
4.62873,7.17795,-1.19601
4.62873,7.17795,-1.19601
4.63141,7.17077,-1.15294
4.63141,7.17077,-1.15294
4.63396,7.16434,-1.11573
4.63396,7.16434,-1.11573
4.63705,7.15703,-1.07462
4.63705,7.15703,-1.07462
4.63995,7.15067,-1.03941
4.63995,7.15067,-1.03941
4.64414,7.14196,-0.99246
4.64414,7.14196,-0.99246
4.64756,7.13535,-0.95728
4.64756,7.13535,-0.95728
4.65209,7.12725,-0.91423
4.65209,7.12725,-0.91423
4.65605,7.12053,-0.87905
4.65862,7.11649,-0.85746
4.65886,7.11612,-0.85549
4.66428,7.10796,-0.81235
4.66453,7.10759,-0.81038
4.66453,7.10759,-0.81038
4.67067,7.09918,-0.76507
4.67067,7.09918,-0.76507
4.67639,7.09200,-0.72555
4.67639,7.09200,-0.72555
4.68213,7.08525,-0.68802
4.68213,7.08525,-0.68802
4.68954,7.07733,-0.64238
4.68954,7.07733,-0.64238
4.69675,7.07032,-0.60058
4.69675,7.07032,-0.60058
4.70438,7.06359,-0.55859
4.70438,7.06359,-0.55859
4.70438,7.06359,-0.55859
4.70438,7.06359,-0.55859
4.71244,7.05715,-0.51644
4.72171,7.05024,-0.47113
4.72171,7.05024,-0.47113
4.73193,7.04342,-0.42361
4.73193,7.04342,-0.42361
4.74043,7.03832,-0.38580
4.74043,7.03832,-0.38580
4.74928,7.03347,-0.34786
4.74928,7.03347,-0.34786
4.75799,7.02912,-0.31183
4.75799,7.02912,-0.31183
4.76752,7.02478,-0.27374
4.76752,7.02478,-0.27374
4.77741,7.02069,-0.23564
4.77741,7.02069,-0.23564
4.79150,7.01552,-0.18355
4.79429,7.01458,-0.17355
4.80451,7.01135,-0.13759
4.80451,7.01135,-0.13759
4.80451,7.01135,-0.13759
4.81744,7.00772,-0.09377
4.81924,7.00725,-0.08979
4.83081,7.00443,-0.05059
4.83081,7.00443,-0.05059
4.84375,7.00167,-0.01473
4.84375,7.00167,-0.01473
4.85561,6.99949,0.01307
4.85561,6.99949,0.01307
4.86946,6.99735,0.03859
4.86946,6.99735,0.03859
4.88409,6.99556,0.05793
4.88409,6.99556,0.05793
4.89565,6.99447,0.06789
4.89565,6.99447,0.06789
4.90991,6.99353,0.07374
4.90991,6.99353,0.07374
4.91448,6.99331,0.07441
4.92433,6.99299,0.07333
4.93626,6.99283,0.06863
4.93693,6.99283,0.06827
4.94830,6.99290,0.06022
4.95166,6.99296,0.05714
4.95166,6.99296,0.05714
4.96450,6.99326,0.04249
4.97804,6.99356,0.01962
4.97872,6.99357,0.01831
4.98744,6.99370,0.00055
4.99275,6.99370,-0.01113
4.99275,6.99370,-0.01113
5.00520,6.99349,-0.04097
5.00520,6.99349,-0.04097
5.02057,6.99277,-0.08279
5.02057,6.99277,-0.08279
5.03433,6.99166,-0.12551
5.03433,6.99166,-0.12551
5.04598,6.99036,-0.16550
5.04598,6.99036,-0.16550
5.05697,6.98879,-0.20402
5.05697,6.98879,-0.20402
5.06793,6.98689,-0.24251
5.06793,6.98689,-0.24251
5.08195,6.98398,-0.29100
5.08195,6.98398,-0.29100
5.09407,6.98105,-0.33294
5.09467,6.98090,-0.33503
5.10548,6.97797,-0.37270
5.10548,6.97797,-0.37270
5.11917,6.97383,-0.42063
5.11917,6.97383,-0.42063
5.13028,6.97011,-0.46039
5.13028,6.97011,-0.46039
5.14177,6.96589,-0.50239
5.14177,6.96589,-0.50239
5.15410,6.96091,-0.54888
5.15410,6.96091,-0.54888
5.16450,6.95632,-0.58911
5.16450,6.95632,-0.58911
5.17608,6.95071,-0.63643
5.17660,6.95045,-0.63860
5.18645,6.94529,-0.68011
5.18645,6.94529,-0.68011
5.18959,6.94359,-0.69334
5.19697,6.93950,-0.72417
5.20710,6.93365,-0.76593
5.20710,6.93365,-0.76593
5.21618,6.92817,-0.80178
5.21618,6.92817,-0.80178
5.22624,6.92178,-0.83858
5.22624,6.92178,-0.83858
5.23774,6.91404,-0.87649
5.23774,6.91404,-0.87649
5.24806,6.90670,-0.90667
5.24806,6.90670,-0.90667
5.25926,6.89827,-0.93529
5.25977,6.89788,-0.93648
5.26983,6.88988,-0.95842
5.26983,6.88988,-0.95842
5.27880,6.88242,-0.97509
5.27880,6.88242,-0.97509
5.28769,6.87471,-0.98910
5.28769,6.87471,-0.98910
5.28769,6.87471,-0.98910
5.30186,6.86176,-1.00740
5.30186,6.86176,-1.00740
5.31043,6.85341,-1.01853
5.31512,6.84866,-1.02475
5.31512,6.84866,-1.02475
5.32476,6.83847,-1.03845
5.32476,6.83847,-1.03845
5.33502,6.82694,-1.05399
5.33502,6.82694,-1.05399
5.34279,6.81766,-1.06700
5.34279,6.81766,-1.06700
5.35323,6.80439,-1.08576
5.35323,6.80439,-1.08576
5.36048,6.79457,-1.09955
5.36048,6.79457,-1.09955
5.36825,6.78339,-1.11599
5.36977,6.78113,-1.11929
5.37425,6.77426,-1.12944
5.37753,6.76904,-1.13741
5.37753,6.76904,-1.13741
5.38529,6.75607,-1.15688
5.38529,6.75607,-1.15688
5.39137,6.74521,-1.17139
5.39137,6.74521,-1.17139
5.39974,6.72915,-1.18949
5.39974,6.72915,-1.18949
5.40100,6.72664,-1.19177
5.40780,6.71260,-1.20194
5.40780,6.71260,-1.20194
5.41409,6.69888,-1.20784
5.41409,6.69888,-1.20784
5.41818,6.68955,-1.20971
5.42190,6.68076,-1.20995
5.42190,6.68076,-1.20995
5.42693,6.66839,-1.20794
5.42693,6.66839,-1.20794
5.43429,6.64941,-1.19979
5.43429,6.64941,-1.19979
5.43991,6.63515,-1.18909
5.43991,6.63515,-1.18909
5.44518,6.62223,-1.17706
5.44518,6.62223,-1.17706
5.45184,6.60652,-1.16195
5.45184,6.60652,-1.16195
5.45184,6.60652,-1.16195
5.45937,6.58951,-1.14556
5.45937,6.58951,-1.14556
5.46587,6.57542,-1.13194
5.46587,6.57542,-1.13194
5.47391,6.55863,-1.11568
5.47391,6.55863,-1.11568
5.48012,6.54612,-1.10344
5.48012,6.54612,-1.10344
5.48648,6.53370,-1.09119
5.48648,6.53370,-1.09119
5.49336,6.52069,-1.07793
5.50002,6.50845,-1.06525
5.50002,6.50845,-1.06525
5.50002,6.50845,-1.06525
5.51068,6.48964,-1.04473
5.51068,6.48964,-1.04473
5.51812,6.47703,-1.03035
5.51812,6.47703,-1.03035
5.52533,6.46519,-1.01658
5.52533,6.46519,-1.01658
5.53517,6.44962,-0.99728
5.53517,6.44962,-0.99728
5.54232,6.43869,-0.98395
5.54232,6.43869,-0.98395
5.55226,6.42403,-0.96634
5.55226,6.42403,-0.96634
5.55226,6.42403,-0.96634
5.56246,6.40952,-0.94905
5.56471,6.40639,-0.94604
5.56561,6.40514,-0.94379
5.57940,6.38654,-0.92171
5.57940,6.38654,-0.92171
5.58788,6.37550,-0.90885
5.58788,6.37550,-0.90885
5.59652,6.36455,-0.89628
5.59652,6.36455,-0.89628
5.60677,6.35192,-0.88172
5.60677,6.35192,-0.88172
5.61871,6.33766,-0.86517
5.61871,6.33766,-0.86517
5.62885,6.32592,-0.85147
5.62936,6.32533,-0.85078
5.63914,6.31432,-0.83769
5.63914,6.31432,-0.83769
5.64122,6.31202,-0.83493
5.65117,6.30117,-0.82178
5.66073,6.29102,-0.80920
5.66073,6.29102,-0.80920
5.67094,6.28044,-0.79568
5.67800,6.27330,-0.78616
5.68183,6.26948,-0.78104
5.68237,6.26894,-0.78031
5.69172,6.25971,-0.76988
5.69447,6.25699,-0.76799
5.69611,6.25536,-0.76712
5.70881,6.24289,-0.76449
5.70881,6.24289,-0.76449
5.70881,6.24289,-0.76449
5.72300,6.22924,-0.76014
5.72300,6.22924,-0.76014
5.73514,6.21774,-0.75549
5.73514,6.21774,-0.75549
5.73514,6.21774,-0.75549
5.73514,6.21774,-0.75549
5.74327,6.21011,-0.75241
5.75783,6.19655,-0.74703
5.76896,6.18629,-0.74294
5.76896,6.18629,-0.74294
5.78365,6.17286,-0.73762
5.78365,6.17286,-0.73762
5.79665,6.16110,-0.73310
5.79665,6.16110,-0.73310
5.80732,6.15153,-0.72945
5.80732,6.15153,-0.72945
5.81981,6.14040,-0.72522
5.81981,6.14040,-0.72522
5.83296,6.12881,-0.72079
5.83296,6.12881,-0.72079
5.84374,6.11936,-0.71715
5.84735,6.11622,-0.71592
5.84735,6.11622,-0.71592
5.86120,6.10423,-0.71122
5.86120,6.10423,-0.71122
5.87450,6.09282,-0.70664
5.87450,6.09282,-0.70664
5.88845,6.08097,-0.70164
5.88845,6.08097,-0.70164
5.89881,6.07225,-0.69785
5.89881,6.07225,-0.69785
5.90978,6.06303,-0.69712
5.91344,6.05997,-0.69825
5.92370,6.05133,-0.70309
5.92430,6.05082,-0.70336
5.92430,6.05082,-0.70336
5.93701,6.03999,-0.70747
5.93701,6.03999,-0.70747
5.95038,6.02853,-0.71000
5.95038,6.02853,-0.71000
5.96190,6.01860,-0.71210
5.96190,6.01860,-0.71210
5.97583,6.00656,-0.71441
5.97583,6.00656,-0.71441
5.98973,5.99448,-0.71669
5.98973,5.99448,-0.71669
6.00299,5.98290,-0.71885
6.00359,5.98237,-0.71894
6.00480,5.98132,-0.71913
6.01864,5.96917,-0.72132
6.01864,5.96917,-0.72132
6.03125,5.95806,-0.72331
6.03125,5.95806,-0.72331
6.04384,5.94692,-0.72529
6.04384,5.94692,-0.72529
6.04384,5.94692,-0.72529
6.05641,5.93576,-0.72727
6.06717,5.92617,-0.72888
6.07075,5.92297,-0.72955
6.07075,5.92297,-0.72955
6.08387,5.91122,-0.73166
6.08387,5.91122,-0.73166
6.09517,5.90105,-0.73355
6.09517,5.90105,-0.73355
6.10824,5.88924,-0.73583
6.11062,5.88709,-0.73626
6.12188,5.87687,-0.73837
6.12188,5.87687,-0.73837
6.13252,5.86716,-0.74098
6.13252,5.86716,-0.74098
6.14314,5.85742,-0.74357
6.14314,5.85742,-0.74357
6.15373,5.84765,-0.74610
6.15961,5.84221,-0.74750
6.16430,5.83786,-0.74860
6.17426,5.82858,-0.75094
6.17543,5.82749,-0.75122
6.17543,5.82749,-0.75122
6.19179,5.81216,-0.75479
6.19179,5.81216,-0.75492
6.20227,5.80228,-0.75726
6.20227,5.80228,-0.75726
6.21505,5.79016,-0.76008
6.21505,5.79016,-0.76008
6.21505,5.79016,-0.76008
6.22954,5.77635,-0.76325
6.22954,5.77635,-0.76325
6.24109,5.76527,-0.76578
6.24109,5.76527,-0.76578
6.25607,5.75082,-0.76904
6.25665,5.75026,-0.76916
6.25665,5.75026,-0.76916
6.26929,5.73800,-0.77193
6.26929,5.73800,-0.77193
6.28246,5.72514,-0.77487
6.28246,5.72514,-0.77487
6.29503,5.71280,-0.77773
6.29503,5.71280,-0.77773
6.29503,5.71280,-0.77773
6.30813,5.69986,-0.78082
6.30813,5.69986,-0.78082
6.32515,5.68292,-0.78495
6.32515,5.68292,-0.78495
6.32798,5.68009,-0.78565
6.33872,5.66933,-0.78748
6.33872,5.66933,-0.78748
6.35001,5.65798,-0.78843
6.35001,5.65798,-0.78843
6.36355,5.64435,-0.78946
6.36355,5.64435,-0.78946
6.37481,5.63298,-0.79028
6.37481,5.63298,-0.79028
6.38720,5.62047,-0.79116
6.38720,5.62047,-0.79116
6.38720,5.62047,-0.79116
6.40013,5.60737,-0.79204
6.40013,5.60737,-0.79204
6.41474,5.59255,-0.79304
6.41474,5.59255,-0.79304
6.42541,5.58172,-0.79375
6.42541,5.58172,-0.79375
6.43550,5.57144,-0.79443
6.43550,5.57144,-0.79443
6.44728,5.55945,-0.79522
6.44728,5.55945,-0.79522
6.45904,5.54744,-0.79600
6.45904,5.54744,-0.79600
6.47023,5.53600,-0.79676
6.47023,5.53600,-0.79676
6.48086,5.52512,-0.79748
6.48086,5.52512,-0.79748
6.49036,5.51539,-0.79814
6.49036,5.51539,-0.79814
6.50320,5.50220,-0.79904
6.50320,5.50220,-0.79904
6.51547,5.48958,-0.79995
6.51547,5.48958,-0.79995
6.52551,5.47924,-0.80011
6.52551,5.47924,-0.80011
6.52551,5.47924,-0.80011
6.54223,5.46203,-0.79955
6.54223,5.46203,-0.79955
6.54223,5.46203,-0.79955
6.55226,5.45171,-0.79922
6.55896,5.44483,-0.79896
6.56677,5.43681,-0.79870
6.57179,5.43165,-0.79853
6.57179,5.43165,-0.79853
6.58798,5.41504,-0.79800
6.58854,5.41447,-0.79798
6.58854,5.41447,-0.79798
6.60306,5.39958,-0.79752
6.60306,5.39958,-0.79752
6.61591,5.38642,-0.79712
6.61591,5.38642,-0.79712
6.62933,5.37269,-0.79670
6.62933,5.37269,-0.79670
6.62933,5.37269,-0.79670
6.64051,5.36126,-0.79636
6.64051,5.36126,-0.79636
6.65282,5.34868,-0.79598
6.65282,5.34868,-0.79598
6.66457,5.33668,-0.79561
6.66457,5.33668,-0.79561
6.66457,5.33668,-0.79561
6.67857,5.32240,-0.79518
6.67857,5.32240,-0.79518
6.69145,5.30927,-0.79477
6.69145,5.30927,-0.79477
6.69145,5.30927,-0.79477
6.70883,5.29158,-0.79419
6.70883,5.29158,-0.79419
6.71892,5.28131,-0.79385
6.71892,5.28131,-0.79385
6.73126,5.26876,-0.79335
6.73126,5.26876,-0.79335
6.74417,5.25566,-0.79276
7.34239,4.66407,-0.76690
7.34469,4.66185,-0.76683
7.35852,4.64854,-0.76621
7.35852,4.64854,-0.76621
7.36543,4.64189,-0.76592
7.37462,4.63309,-0.76553
7.37462,4.63309,-0.76553
7.38083,4.62717,-0.76549
7.39024,4.61813,-0.76706
7.39024,4.61813,-0.76706
7.40210,4.60684,-0.77026
7.40210,4.60684,-0.77026
7.41559,4.59392,-0.77653
7.41559,4.59392,-0.77653
7.41559,4.59392,-0.77653
7.43144,4.57869,-0.78778
7.43240,4.57777,-0.78860
7.43240,4.57777,-0.78860
7.44367,4.56680,-0.80015
7.44412,4.56636,-0.80066
7.44412,4.56636,-0.80066
7.45487,4.55571,-0.81284
7.45487,4.55571,-0.81284
7.46470,4.54582,-0.82454
7.46470,4.54582,-0.82454
7.47325,4.53698,-0.83520
7.47325,4.53698,-0.83520
7.48029,4.52964,-0.84433
7.48029,4.52964,-0.84433
7.48852,4.52091,-0.85551
7.48852,4.52091,-0.85551
7.49458,4.51432,-0.86413
7.49597,4.51279,-0.86617
7.49597,4.51279,-0.86617
7.50208,4.50612,-0.87532
7.50789,4.49957,-0.88446
7.50820,4.49922,-0.88497
7.51404,4.49261,-0.89463
7.51404,4.49261,-0.89463
7.51493,4.49157,-0.89615
7.52070,4.48490,-0.90631
7.52070,4.48490,-0.90631
7.52820,4.47597,-0.92052
7.52820,4.47597,-0.92052
7.53268,4.47054,-0.92966
7.53268,4.47054,-0.92966
7.53758,4.46449,-0.94034
7.53826,4.46366,-0.94186
7.54211,4.45874,-0.95100
7.54252,4.45821,-0.95201
7.54252,4.45821,-0.95201
7.54778,4.45138,-0.96572
7.54778,4.45138,-0.96572
7.55097,4.44714,-0.97488
7.55197,4.44578,-0.97793
7.55465,4.44205,-0.98655
7.55525,4.44122,-0.98857
7.55525,4.44122,-0.98857
7.55779,4.43764,-0.99771
7.55779,4.43764,-0.99771
7.56031,4.43395,-1.00787
7.56031,4.43395,-1.00787
7.56261,4.43040,-1.01856
7.56281,4.43009,-1.01907
7.56493,4.42671,-1.03131
7.56502,4.42657,-1.03181
7.56622,4.42457,-1.03945
7.56679,4.42362,-1.04353
7.56679,4.42362,-1.04353
7.56853,4.42064,-1.05775
7.56853,4.42064,-1.05775
7.56853,4.42064,-1.05775
7.56980,4.41837,-1.07150
7.56980,4.41837,-1.07150
7.57042,4.41724,-1.08067
7.57042,4.41724,-1.08067
7.57091,4.41631,-1.09032
7.57091,4.41631,-1.09032
7.57121,4.41573,-1.10001
7.57135,4.41546,-1.10920
7.57135,4.41546,-1.10920
7.57135,4.41544,-1.11241
7.57137,4.41541,-1.12393
7.57137,4.41541,-1.12393
7.57135,4.41546,-1.14138
7.57135,4.41546,-1.14138
7.57129,4.41561,-1.16478
7.57129,4.41561,-1.16478
7.57119,4.41585,-1.18838
7.57119,4.41585,-1.18838
7.57119,4.41585,-1.18838
7.57109,4.41608,-1.22743
7.57109,4.41608,-1.22743
7.57102,4.41626,-1.26452
7.57102,4.41626,-1.26452
7.57096,4.41649,-1.30121
7.57096,4.41649,-1.30121
7.57090,4.41671,-1.35509
7.57090,4.41671,-1.35509
7.57087,4.41685,-1.39962
7.57087,4.41685,-1.39962
7.57087,4.41695,-1.45684
7.57087,4.41695,-1.45684
7.57096,4.41679,-1.50569
7.57096,4.41679,-1.50569
7.57106,4.41614,-1.56858
7.57106,4.41614,-1.56858
7.57114,4.41528,-1.62056
7.57114,4.41528,-1.62056
7.57116,4.41434,-1.66440
7.57116,4.41434,-1.66440
7.57103,4.41250,-1.73286
7.57101,4.41234,-1.73833
7.57076,4.41062,-1.79021
7.57072,4.41043,-1.79567
7.57072,4.41043,-1.79567
7.56990,4.40732,-1.87449
7.56990,4.40732,-1.87449
7.56907,4.40500,-1.92571
7.56897,4.40475,-1.93108
7.56897,4.40475,-1.93108
7.56728,4.40105,-2.00339
7.56728,4.40105,-2.00339
7.56562,4.39807,-2.05670
7.56562,4.39807,-2.05670
7.56349,4.39469,-2.11270
7.56337,4.39452,-2.11536
7.56267,4.39352,-2.13132
7.56267,4.39352,-2.13132
7.56255,4.39335,-2.13132
7.55749,4.38692,-2.22962
7.55749,4.38692,-2.22962
7.55618,4.38541,-2.24827
7.55190,4.38070,-2.31552
7.55190,4.38070,-2.31552
7.54729,4.37594,-2.37821
7.54729,4.37594,-2.37821
7.54310,4.37182,-2.43050
7.54077,4.36958,-2.45817
7.54077,4.36958,-2.45817
7.53659,4.36567,-2.50542
7.53659,4.36567,-2.50542
7.53187,4.36139,-2.55568
7.53187,4.36139,-2.55568
7.52686,4.35697,-2.60600
7.52686,4.35697,-2.60600
7.52008,4.35137,-2.66946
7.52008,4.35137,-2.66946
7.51324,4.34623,-2.73033
7.51324,4.34623,-2.73033
7.50639,4.34150,-2.78846
7.50639,4.34150,-2.78846
7.50030,4.33775,-2.83845
7.50030,4.33775,-2.83845
7.49115,4.33274,-2.91072
7.49115,4.33274,-2.91072
7.48494,4.32977,-2.95800
7.48494,4.32977,-2.95800
7.48494,4.32977,-2.95800
7.47362,4.32534,-3.04184
7.47362,4.32534,-3.04184
7.46503,4.32275,-3.10359
7.46503,4.32275,-3.10359
7.45614,4.32048,3.11936
7.45614,4.32048,3.11936
7.44947,4.31901,3.07652
7.44863,4.31884,3.07116
7.44095,4.31758,3.02282
7.44095,4.31758,3.02282
7.43179,4.31658,2.96624
7.43179,4.31658,2.96624
7.42332,4.31614,2.91492
7.42332,4.31614,2.91492
7.41513,4.31610,2.86622
7.41513,4.31610,2.86622
7.40632,4.31648,2.81476
7.40632,4.31648,2.81476
7.39593,4.31744,2.75561
7.39546,4.31750,2.75298
7.38557,4.31887,2.70089
7.38325,4.31926,2.68951
7.37770,4.32026,2.66359
7.37221,4.32140,2.63961
7.37221,4.32140,2.63961
7.36363,4.32344,2.60611
7.36140,4.32403,2.59807
7.36140,4.32403,2.59807
7.35126,4.32695,2.56550
7.35126,4.32695,2.56550
7.34434,4.32921,2.54811
7.33965,4.33087,2.53638
7.33965,4.33087,2.53638
7.33041,4.33447,2.51981
7.32669,4.33604,2.51486
7.32669,4.33604,2.51486
7.31813,4.33995,2.50740
7.31813,4.33995,2.50740
7.30739,4.34545,2.50616
7.30660,4.34588,2.50641
7.30660,4.34588,2.50641
7.29654,4.35174,2.51443
7.29654,4.35174,2.51443
7.29501,4.35268,2.51635
7.28593,4.35862,2.53171
7.28593,4.35862,2.53171
7.27771,4.36432,2.55247
7.27771,4.36432,2.55247
7.27137,4.36866,2.57467
7.27137,4.36866,2.57467
7.26453,4.37322,2.60156
7.26453,4.37322,2.60156
7.25543,4.37906,2.63785
7.25502,4.37932,2.63948
7.25502,4.37932,2.63948
7.24332,4.38618,2.68558
7.24332,4.38618,2.68558
7.23538,4.39032,2.71549
7.23538,4.39032,2.71549
7.22384,4.39569,2.75729
7.22384,4.39569,2.75729
7.21465,4.39949,2.78922
7.21118,4.40082,2.80101
7.21118,4.40082,2.80101
7.19891,4.40513,2.84149
7.19839,4.40530,2.84318
7.19363,4.40680,2.85669
7.18498,4.40933,2.88541
7.18498,4.40933,2.88541
7.17154,4.41278,2.92595
7.17154,4.41278,2.92595
7.15991,4.41534,2.95968
7.15575,4.41617,2.97147
7.15575,4.41617,2.97147
7.14360,4.41835,3.00506
7.13925,4.41904,3.01678
7.13925,4.41904,3.01678
7.12722,4.42075,3.04849
7.12722,4.42075,3.04849
7.11286,4.42240,3.08497
7.11286,4.42240,3.08497
7.09808,4.42370,3.12041
7.09808,4.42370,3.12041
7.08230,4.42465,-3.12843
7.08160,4.42469,-3.12700
7.06975,4.42510,-3.10347
7.06975,4.42510,-3.10347
7.05357,4.42524,-3.07297
7.05357,4.42524,-3.07297
7.03946,4.42495,-3.04702
7.03946,4.42495,-3.04702
7.03875,4.42493,-3.04577
7.02239,4.42413,-3.01760
7.02239,4.42413,-3.01760
7.00669,4.42289,-2.99148
7.00669,4.42289,-2.99148
6.99313,4.42144,-2.96922
6.98812,4.42084,-2.96144
6.98812,4.42084,-2.96144
